t,iq_ref,i_d,i_q,v_d,v_q,duty_a,duty_b,duty_c,omega_m,theta_e,vbus,i_a,i_b,i_c,state,theta_est,omega_est,theta_err,vb_u,vb_v,vb_w,sector,hall,omega_hall
0,0,0,0,0,0,0,0,0,0,0,29.786676,0.0030384318,-0.005078613,0.0011623437,0,0,0,0,3.4223144,3.3865721,3.368701,0,2,0
0.002,0,0,0,0,0,0,0,0,0,0,29.786121,-0.00015299587,-0.003483017,0.0011623437,0,0,0,0,3.426782,3.3776367,3.373169,0,2,0
0.004,0,0,0,0,0,0,0,0,0,0,29.782516,-0.00015299587,-0.00029158936,0.0011623437,0,0,0,0,3.426782,3.3865721,3.373169,0,2,0
0.006,0,0,0,0,0,0,0,0,0,0,29.781061,-0.0017485917,-0.00029158936,0.0027579395,0,0,0,0,3.4401855,3.3642333,3.3776367,0,2,0
0.008,0,0,0,0,0,0,0,0,0,0,29.781403,-0.00015299587,-0.00029158936,0.0011623437,0,0,0,0,3.4178467,3.3910398,3.373169,0,2,0
0.01,0,0,0,0,0,0,0,0,0,0,29.784428,-0.00015299587,-0.00029158936,0.0059493673,0,0,0,0,3.426782,3.3865721,3.373169,0,2,0
0.012,0,0,0,0,0,0,0,0,0,0,29.782646,-0.0033441875,-0.00029158936,0.0011623437,0,0,0,0,3.4178467,3.3910398,3.373169,0,2,0
0.014,0,0,0,0,0,0,0,0,0,0,29.783298,-0.00015299587,-0.00029158936,0.0027579395,0,0,0,0,3.426782,3.3865721,3.373169,0,2,0
0.016,0,0,0,0,0,0,0,0,0,0,29.779905,-0.00015299587,-0.0018871851,0.0011623437,0,0,0,0,3.4178467,3.3910398,3.3776367,0,2,0
0.018,0,0,0,0,0,0,0,0,0,0,29.77907,-0.00015299587,-0.003483017,0.0059493673,0,0,0,0,3.426782,3.3910398,3.373169,0,2,0
0.02,0,0,0,0,0,0,0,0,0,0,29.78232,-0.00015299587,0.0013042425,0.0043535354,0,0,0,0,3.426782,3.3821042,3.373169,0,2,0
0.022,0,0,0,0,0,0,0,0,0,0,29.78489,-0.00015299587,-0.00029158936,0.0027579395,0,0,0,0,3.4312499,3.3865721,3.373169,0,2,0
0.024,0,0,0,0,0,0,0,0,0,0,29.782701,-0.00015299587,0.0028998384,0.0075449627,0,0,0,0,3.4312499,3.3910398,3.373169,0,2,0
0.026,0,0,0,0,0,0,0,0,0,0,29.784086,-0.0017485917,-0.00029158936,0.0027579395,0,0,0,0,3.426782,3.3821042,3.373169,0,2,0
0.028,0,0,0,0,0,0,0,0,0,0,29.782745,-0.00015299587,-0.00029158936,0.0027579395,0,0,0,0,3.4401855,3.3910398,3.3597653,0,2,0
0.03,0,0,0,0,0,0,0,0,0,0,29.785265,0.0030384318,-0.00029158936,0.0011623437,0,0,0,0,3.426782,3.3776367,3.373169,0,2,0
0.032,0,0,0,0,0,0,0,0,0,0,29.78305,0.001442836,-0.0018871851,0.0059493673,0,0,0,0,3.426782,3.3865721,3.3776367,0,2,0
0.034,0,0,0,0,0,0,0,0,0,0,29.782053,-0.0033441875,-0.00029158936,0.0043535354,0,0,0,0,3.4446533,3.373169,3.368701,0,2,0
0.036,0,0,0,0,0,0,0,0,0,0,29.782343,0.001442836,-0.00029158936,0.0027579395,0,0,0,0,3.426782,3.3821042,3.368701,0,2,0
0.038,0,0,0,0,0,0,0,0,0,0,29.78222,-0.00015299587,0.0013042425,0.0027579395,0,0,0,0,3.4223144,3.3865721,3.373169,0,2,0
0.04,0,0,0,0,0,0,0,0,0,0,29.782774,-0.00015299587,-0.00029158936,0.0011623437,0,0,0,0,3.4178467,3.3821042,3.373169,0,2,0
0.042,0,0,0,0,0,0,0,0,0,0,29.782784,-0.00015299587,-0.0018871851,0.0027579395,0,0,0,0,3.426782,3.3821042,3.373169,0,2,0
0.044,0,0,0,0,0,0,0,0,0,0,29.78331,0.001442836,-0.0018871851,-0.00043348828,0,0,0,0,3.4401855,3.3865721,3.368701,0,2,0
0.046,0,0,0,0,0,0,0,0,0,0,29.781181,-0.00015299587,-0.003483017,0.0027579395,0,0,0,0,3.4223144,3.3865721,3.3776367,0,2,0
0.048,0,0,0,0,0,0,0,0,0,0,29.782303,-0.00015299587,-0.00029158936,0.0011623437,0,0,0,0,3.4223144,3.3865721,3.373169,0,2,0
0.05,0,0,0,0,0,0,0,0,0,0,29.781666,-0.00015299587,-0.00029158936,0.0011623437,0,0,0,0,3.426782,3.373169,3.3910398,0,2,0
0.052,0,0,0,0,0,0,0,0,0,0,29.783417,-0.0033441875,-0.003483017,0.0027579395,0,0,0,0,3.426782,3.3865721,3.373169,0,2,0
0.054,0,0,0,0,0,0,0,0,0,0,29.780964,-0.00015299587,-0.003483017,0.0027579395,0,0,0,0,3.4178467,3.3865721,3.373169,0,2,0
0.056,0,0,0,0,0,0,0,0,0,0,29.78463,0.0030384318,-0.00029158936,0.0027579395,0,0,0,0,3.3999755,3.3955078,3.3821042,0,2,0
0.058,0,0,0,0,0,0,0,0,0,0,29.784866,-0.0017485917,0.0013042425,0.0027579395,0,0,0,0,3.426782,3.3865721,3.3776367,0,2,0
0.06,0,0,0,0,0,0,0,0,0,0,29.785887,-0.00015299587,-0.003483017,0.0027579395,0,0,0,0,3.426782,3.3821042,3.368701,0,2,0
0.062,0,0,0,0,0,0,0,0,0,0,29.783085,-0.00015299587,-0.003483017,0.0011623437,0,0,0,0,3.4357176,3.3865721,3.3642333,0,2,0
0.064,0,0,0,0,0,0,0,0,0,0,29.780783,-0.00015299587,-0.003483017,0.0011623437,0,0,0,0,3.426782,3.3865721,3.373169,0,2,0
0.066,0,0,0,0,0,0,0,0,0,0,29.779116,-0.00015299587,-0.003483017,0.0027579395,0,0,0,0,3.4223144,3.3865721,3.373169,0,2,0
0.068,0,0,0,0,0,0,0,0,0,0,29.781052,-0.0033441875,0.0028998384,0.0043535354,0,0,0,0,3.4312499,3.3865721,3.373169,0,2,0
0.07,0,0,0,0,0,0,0,0,0,0,29.78321,-0.00015299587,-0.00029158936,0.0059493673,0,0,0,0,3.426782,3.3821042,3.373169,0,2,0
0.072,0,0,0,0,0,0,0,0,0,0,29.783356,0.001442836,-0.003483017,0.0011623437,0,0,0,0,3.426782,3.3865721,3.3597653,0,2,0
0.074,0,0,0,0,0,0,0,0,0,0,29.784351,-0.0017485917,-0.00029158936,0.0027579395,0,0,0,0,3.426782,3.3776367,3.373169,0,2,0
0.076,0,0,0,0,0,0,0,0,0,0,29.780888,-0.00015299587,-0.00029158936,-0.0020290841,0,0,0,0,3.426782,3.3865721,3.373169,0,2,0
0.078,0,0,0,0,0,0,0,0,0,0,29.781816,-0.00015299587,0.0013042425,0.0027579395,0,0,0,0,3.4223144,3.3776367,3.3776367,0,2,0
0.08,0,0,0,0,0,0,0,0,0,0,29.782156,-0.00015299587,-0.00029158936,0.0027579395,0,0,0,0,3.426782,3.3821042,3.373169,0,2,0
0.082,0,0,0,0,0,0,0,0,0,0,29.779516,-0.0017485917,-0.00029158936,0.0043535354,0,0,0,0,3.426782,3.3821042,3.373169,0,2,0
0.084,0,0,0,0,0,0,0,0,0,0,29.777658,-0.00015299587,-0.00029158936,0.0027579395,0,0,0,0,3.4178467,3.3821042,3.3776367,0,2,0
0.086,0,0,0,0,0,0,0,0,0,0,29.776272,-0.00015299587,-0.00029158936,0.0027579395,0,0,0,0,3.426782,3.3821042,3.368701,0,2,0
0.088,0,0,0,0,0,0,0,0,0,0,29.78159,0.001442836,0.004495434,0.0011623437,0,0,0,0,3.4223144,3.3865721,3.373169,0,2,0
0.09,0,0,0,0,0,0,0,0,0,0,29.782637,-0.0049400195,-0.0018871851,0.0059493673,0,0,0,0,3.4223144,3.3865721,3.373169,0,2,0
0.092,0,0,0,0,0,0,0,0,0,0,29.781628,-0.00015299587,-0.00029158936,0.0011623437,0,0,0,0,3.4178467,3.3821042,3.3776367,0,2,0
0.094,0,0,0,0,0,0,0,0,0,0,29.78184,-0.00015299587,0.0013042425,0.0027579395,0,0,0,0,3.426782,3.3821042,3.373169,0,2,0
0.096,0,0,0,0,0,0,0,0,0,0,29.780462,-0.0017485917,0.0028998384,0.0027579395,0,0,0,0,3.426782,3.3910398,3.3776367,0,2,0
0.098,0,0,0,0,0,0,0,0,0,0,29.781519,0.001442836,0.0013042425,0.0043535354,0,0,0,0,3.426782,3.3821042,3.373169,0,2,0
0.1,0,0,0,0,0,0,0,0,0,0,29.782934,-0.0017485917,-0.00029158936,0.0043535354,0,0,0,0,3.4312499,3.3999755,3.368701,0,2,0
0.102,0,0,0,0,0,0,0,0,0,0,29.784477,0.0030384318,-0.00029158936,-0.00043348828,0,0,0,0,3.426782,3.3865721,3.373169,0,2,0
0.104,0,0,0,0,0,0,0,0,0,0,29.781227,0.001442836,-0.0018871851,0.0043535354,0,0,0,0,3.426782,3.3821042,3.368701,0,2,0
0.106,0,0,0,0,0,0,0,0,0,0,29.779264,-0.00015299587,-0.00029158936,0.0027579395,0,0,0,0,3.4357176,3.3776367,3.368701,0,2,0
0.108,0,0,0,0,0,0,0,0,0,0,29.781088,-0.0017485917,-0.00029158936,0.0011623437,0,0,0,0,3.4312499,3.3821042,3.373169,0,2,0
0.11,0,0,0,0,0,0,0,0,0,0,29.780521,-0.00015299587,-0.00029158936,-0.00043348828,0,0,0,0,3.426782,3.3821042,3.373169,0,2,0
0.112,0,0,0,0,0,0,0,0,0,0,29.78073,-0.00015299587,-0.0018871851,-0.00043348828,0,0,0,0,3.4312499,3.3821042,3.368701,0,2,0
0.114,0,0,0,0,0,0,0,0,0,0,29.778101,-0.0033441875,-0.00029158936,-0.00043348828,0,0,0,0,3.426782,3.3821042,3.373169,0,2,0
0.116,0,0,0,0,0,0,0,0,0,0,29.779486,-0.00015299587,-0.00029158936,0.0027579395,0,0,0,0,3.4223144,3.3821042,3.368701,0,2,0
0.118,0,0,0,0,0,0,0,0,0,0,29.778637,-0.00015299587,-0.00029158936,0.0027579395,0,0,0,0,3.4223144,3.3910398,3.368701,0,2,0
0.12,0,0,0,0,0,0,0,0,0,0,29.780312,-0.0017485917,-0.00029158936,0.0011623437,0,0,0,0,3.4312499,3.3910398,3.373169,0,2,0
0.122,0,-0.0062430818,-0.007288225,0.0075000008,0,0.50018907,0.49981096,0.49981096,0,0,29.756195,-0.009727043,-0.0066742087,0.0059493673,1,-0.1692059,39.632904,-0.1692059,18.295532,18.295532,18.295532,0,2,0
0.124,0,-0.006774947,-0.0063670073,0.017499998,0,0.50044143,0.49955857,0.49955857,0,0,29.733742,-0.009727043,-0.005078613,0.0059493673,1,0.09434703,50.62541,0.09434703,18.295532,18.295532,18.295532,0,2,0
0.126,0,-0.006774947,-0.002681864,0.027499981,0,0.5006938,0.4993062,0.4993062,0,0,29.727177,-0.009727043,-0.0018871851,0.0027579395,1,-0.16963229,30.044924,-0.16963229,18.295532,18.295532,18.295532,0,2,0
0.128,0,-0.006774947,-0.0063670073,0.037499987,0,0.50094604,0.49905393,0.49905393,0,0,29.728506,-0.009727043,-0.005078613,0.0059493673,1,-0.46891755,9.764838,-0.46891755,18.295532,18.295532,18.295532,0,2,0
0.13,0,-0.0030517324,-0.007288225,0.047500007,0,0.5011985,0.4988015,0.4988015,0,0,29.725016,-0.0049400195,-0.0066742087,0.0059493673,1,1.0261396,-2.438564,1.0261396,18.295532,18.295532,18.295532,0,2,0
0.132,0,-0.0041154632,-0.007288225,0.057500027,0,0.50145066,0.49854934,0.49854934,0,0,29.727957,-0.0065356153,-0.0066742087,0.0059493673,1,0.9767017,-8.117317,0.9767017,18.295532,18.295532,18.295532,0,2,0
0.134,0,-0.0046473285,-0.0063670073,0.06750005,0,0.5017029,0.49829707,0.49829707,0,0,29.728148,-0.0065356153,-0.005078613,0.0059493673,1,0.94137824,-10.544944,0.94137824,18.295532,18.295532,18.295532,0,2,0
0.136,0,-0.0035835193,-0.0045244354,0.07750007,0,0.50195515,0.49804482,0.49804482,0,0,29.728775,-0.0065356153,-0.005078613,0.0027579395,1,0.9168456,-10.970112,0.9168456,18.295532,18.295532,18.295532,0,2,0
0.138,0,-0.0030515753,-0.0072882245,0.08750009,0,0.50220746,0.49779254,0.49779254,0,0,29.728731,-0.0065356153,-0.00827004,0.0043535354,1,0.8988954,-10.43519,0.8988954,18.295532,18.295532,18.295532,0,2,0
0.14,0,-0.005711059,-0.006367007,0.09750011,0,0.5024598,0.4975402,0.4975402,0,0,29.728054,-0.0065356153,-0.003483017,0.0075449627,1,0.8858869,-9.422304,0.8858869,18.295532,18.295532,18.295532,0,2,0
0.142,0,-0.0030515753,-0.0072882245,0.10750013,0,0.502712,0.49728796,0.49728796,0,0,29.728647,-0.0065356153,-0.00827004,0.0043535354,1,0.8765993,-8.185292,0.8765993,18.295532,18.295532,18.295532,0,2,0
0.144,0,-0.0041153845,-0.005445653,0.11750015,0,0.5029646,0.49703538,0.49703538,0,0,29.72559,-0.0065356153,-0.005078613,0.0043535354,1,0.8698876,-6.937463,0.8698876,18.295532,18.295532,18.295532,0,2,0
0.146,0,-0.005711059,-0.006367007,0.12750013,0,0.5032166,0.49678338,0.49678338,0,0,29.72834,-0.0065356153,-0.003483017,0.0075449627,1,0.8642105,-5.877663,0.8642105,18.295532,18.295532,18.295532,0,2,0
0.148,0,-0.0035835977,-0.008209443,0.1375,0,0.50346905,0.49653092,0.49653092,0,0,29.727003,-0.0049400195,-0.0066742087,0.0075449627,1,0.8593713,-4.9849033,0.8593713,18.295532,18.295532,18.295532,0,2,0
0.15,0,-0.0041154632,-0.007288225,0.14749987,0,0.5037212,0.49627882,0.49627882,0,0,29.728554,-0.0065356153,-0.0066742087,0.0059493673,1,0.8556008,-4.1872597,0.8556008,18.295532,18.295532,18.295532,0,2,0
0.152,0,-0.0046473285,-0.008209443,0.1488585,0,0.50375515,0.49624485,0.49624485,0,0,29.730892,-0.0065356153,-0.0066742087,0.0075449627,1,0.8515582,-3.6277401,0.8515582,18.295532,18.295532,18.295532,0,2,0
0.154,0,-0.0035835193,-0.006366871,0.1488585,0,0.50375557,0.49624443,0.49624443,0,0,29.727636,-0.0065356153,-0.0066742087,0.0043535354,1,0.84828913,-3.113398,0.84828913,18.295532,18.295532,18.295532,0,2,0
0.156,0,-0.004647407,-0.006366871,0.1488585,0,0.5037559,0.49624404,0.49624404,0,0,29.724525,-0.008131447,-0.0066742087,0.0043535354,1,0.84580135,-2.6292646,0.84580135,18.295532,18.295532,18.295532,0,2,0
0.158,0,-0.0019879234,-0.005445653,0.1488585,0,0.50375515,0.49624482,0.49624482,0,0,29.730682,-0.0049400195,-0.0066742087,0.0027579395,1,0.84365106,-2.2288046,0.84365106,18.295532,18.295532,18.295532,0,2,0
0.16,0,-0.0062430818,-0.007288225,0.1488585,0,0.5037551,0.49624488,0.49624488,0,0,29.731106,-0.009727043,-0.0066742087,0.0059493673,1,0.84189576,-1.8805099,0.84189576,18.295532,18.295532,18.295532,0,2,0
0.162,0,-0.0014559006,-0.010052013,0.1488585,0,0.50375503,0.49624494,0.49624494,0,0,29.73166,-0.0033441875,-0.009865636,0.0075449627,1,0.8406289,-1.559006,0.8406289,18.295532,18.295532,18.295532,0,2,0
0.164,0,-0.0046473285,-0.0063670073,0.1488585,0,0.50375515,0.49624485,0.49624485,0,0,29.730757,-0.0065356153,-0.005078613,0.0059493673,1,0.8396552,-1.2820964,0.8396552,18.295532,18.295532,18.295532,0,2,0
0.166,0,-0.0046473285,-0.0063670073,0.1488585,0,0.5037551,0.4962449,0.4962449,0,0,29.731216,-0.0065356153,-0.005078613,0.0059493673,1,0.8389211,-1.0474604,0.8389211,18.295532,18.295532,18.295532,0,2,0
0.168,0,-0.0057112165,-0.008209443,0.1488585,0,0.50375557,0.49624443,0.49624443,0,0,29.72746,-0.008131447,-0.0066742087,0.0075449627,1,0.8381764,-0.8729998,0.8381764,18.295532,18.295532,18.295532,0,2,0
0.17,0,-0.0041153845,-0.005445653,0.1488585,0,0.50375533,0.49624467,0.49624467,0,0,29.729342,-0.0065356153,-0.005078613,0.0043535354,1,0.8374597,-0.7423626,0.8374597,18.295532,18.295532,18.295532,0,2,0
0.172,0,-0.0019878447,-0.007288225,0.1488585,0,0.5037554,0.4962446,0.4962446,0,0,29.72885,-0.0033441875,-0.0066742087,0.0059493673,1,0.8366215,-0.6589627,0.8366215,18.295532,18.295532,18.295532,0,2,0
0.174,0,-0.005179194,-0.0072882245,0.1488585,0,0.5037555,0.4962445,0.4962445,0,0,29.727922,-0.0065356153,-0.005078613,0.0075449627,1,0.83590126,-0.5824264,0.83590126,18.295532,18.295532,18.295532,0,2,0
0.176,0,-0.0046472494,-0.0045244354,0.1488585,0,0.5037553,0.49624473,0.49624473,0,0,29.729885,-0.0033441875,-0.00029158936,0.0075449627,1,0.83541125,-0.4948498,0.83541125,18.295532,18.295532,18.295532,0,2,0
0.178,0,-0.004115542,-0.005445653,0.1488585,0,0.5037552,0.49624482,0.49624482,0,0,29.730587,-0.008131447,-0.0066742087,0.0027579395,1,0.83515584,-0.39925554,0.83515584,18.295532,18.295532,18.295532,0,2,0
0.18,0,-0.0041153845,-0.005445653,0.1488585,0,0.503755,0.49624503,0.49624503,0,0,29.732317,-0.0065356153,-0.005078613,0.0043535354,1,0.83499837,-0.3172442,0.83499837,18.295532,18.295532,18.295532,0,2,0
0.182,0,-0.0014559794,-0.006367007,0.1488585,0,0.50375515,0.49624485,0.49624485,0,0,29.730867,-0.0049400195,-0.00827004,0.0027579395,1,0.83458394,-0.28909683,0.83458394,18.295532,18.295532,18.295532,0,2,0
0.184,0,-0.0057112165,-0.008209443,0.1488585,0,0.50375545,0.49624455,0.49624455,0,0,29.728504,-0.008131447,-0.0066742087,0.0075449627,1,0.83437747,-0.24069771,0.83437747,18.295532,18.295532,18.295532,0,2,0
0.186,0,-0.0046473285,-0.0063670073,0.1488585,0,0.5037553,0.49624476,0.49624476,0,0,29.730137,-0.0065356153,-0.005078613,0.0059493673,1,0.8340854,-0.216536,0.8340854,18.295532,18.295532,18.295532,0,2,0
0.188,0,-0.0046473285,-0.008209443,0.1488585,0,0.50375515,0.49624485,0.49624485,0,0,29.730858,-0.0065356153,-0.0066742087,0.0075449627,1,0.8338978,-0.18523285,0.8338978,18.295532,18.295532,18.295532,0,2,0
0.19,0,-0.0030517324,-0.007288225,0.1488585,0,0.5037551,0.49624494,0.49624494,0,0,29.731535,-0.0049400195,-0.0066742087,0.0059493673,1,0.83359003,-0.17843463,0.83359003,18.295532,18.295532,18.295532,0,2,0
0.192,0,-0.0025197887,-0.0045244354,0.1488585,0,0.50375533,0.4962447,0.4962447,0,0,29.729612,-0.0065356153,-0.0066742087,0.0011623437,1,0.8333744,-0.16024823,0.8333744,18.295532,18.295532,18.295532,0,2,0
0.194,0,-0.0041153845,-0.005445653,0.1488585,0,0.50375533,0.4962447,0.4962447,0,0,29.729652,-0.0065356153,-0.005078613,0.0043535354,1,0.8329588,-0.17442988,0.8329588,18.295532,18.295532,18.295532,0,2,0
0.196,0,-0.0041154632,-0.0054457895,0.1488585,0,0.5037554,0.49624464,0.49624464,0,0,29.72919,-0.0049400195,-0.003483017,0.0059493673,1,0.83232033,-0.2117157,0.83232033,18.295532,18.295532,18.295532,0,2,0
0.198,0,-0.0062430818,-0.0054457895,0.1488585,0,0.5037554,0.49624458,0.49624458,0,0,29.72877,-0.008131447,-0.003483017,0.0059493673,1,0.83175784,-0.22871865,0.83175784,18.295532,18.295532,18.295532,0,2,0
0.2,0,-0.005711059,-0.006367007,0.1488585,0,0.50375533,0.49624467,0.49624467,0,0,29.729362,-0.0065356153,-0.003483017,0.0075449627,1,0.83155775,-0.19474085,0.83155775,18.295532,18.295532,18.295532,0,2,0
0.202,0,-0.005179194,-0.0054457895,0.1488585,0,0.5037555,0.4962445,0.4962445,0,0,29.72793,-0.0065356153,-0.003483017,0.0059493673,1,0.83173543,-0.12255528,0.83173543,18.295532,18.295532,18.295532,0,2,0
0.204,0,-0.0041154632,-0.0036030815,0.1488585,0,0.5037554,0.4962446,0.4962446,0,0,29.72903,-0.0049400195,-0.0018871851,0.0043535354,1,0.8317571,-0.08893753,0.8317571,18.295532,18.295532,18.295532,0,2,0
0.206,0,-0.004115542,-0.005445653,0.1488585,0,0.5037556,0.49624434,0.49624434,0,0,29.726883,-0.008131447,-0.0066742087,0.0027579395,1,0.831702,-0.073721685,0.831702,18.295532,18.295532,18.295532,0,2,0
0.208,0,-0.0035835193,-0.006366871,0.1488585,0,0.50375557,0.49624446,0.49624446,0,0,29.727749,-0.0065356153,-0.0066742087,0.0043535354,1,0.83166474,-0.06001222,0.83166474,18.295532,18.295532,18.295532,0,2,0
0.21,0,-0.0035835193,-0.006366871,0.1488585,0,0.5037555,0.4962445,0.4962445,0,0,29.727959,-0.0065356153,-0.0066742087,0.0043535354,1,0.8315161,-0.06386444,0.8315161,18.295532,18.295532,18.295532,0,2,0
0.212,0,-0.003051654,-0.005445653,0.1488585,0,0.50375557,0.49624443,0.49624443,0,0,29.727509,-0.0049400195,-0.005078613,0.0043535354,1,0.8314265,-0.05914863,0.8314265,18.295532,18.295532,18.295532,0,2,0
0.214,0,-0.005179351,-0.007288225,0.1488585,0,0.50375545,0.49624458,0.49624458,0,0,29.728615,-0.008131447,-0.0066742087,0.0059493673,1,0.8312909,-0.062365506,0.8312909,18.295532,18.295532,18.295532,0,2,0
0.216,0,-0.00251971,-0.008209443,0.1488585,0,0.50375533,0.49624467,0.49624467,0,0,29.72934,-0.0065356153,-0.009865636,0.0043535354,1,0.8311119,-0.06935321,0.8311119,18.295532,18.295532,18.295532,0,2,0
0.218,0,-0.005179194,-0.0054457895,0.1488585,0,0.50375533,0.49624467,0.49624467,0,0,29.72954,-0.0065356153,-0.003483017,0.0059493673,1,0.8309948,-0.06675853,0.8309948,18.295532,18.295532,18.295532,0,2,0
0.22,0,-0.0030516542,-0.009130796,0.1488585,0,0.5037553,0.49624473,0.49624473,0,0,29.730013,-0.0065356153,-0.009865636,0.0059493673,1,0.8308631,-0.06709338,0.8308631,18.295532,18.295532,18.295532,0,2,0
0.222,0,-0.004647407,-0.0045244354,0.1488585,0,0.50375545,0.49624458,0.49624458,0,0,29.728643,-0.008131447,-0.005078613,0.0027579395,1,0.8307003,-0.07048034,0.8307003,18.295532,18.295532,18.295532,0,2,0
0.224,0,-0.007838756,-0.0045244354,0.1488585,0,0.5037552,0.4962448,0.4962448,0,0,29.730322,-0.008131447,-0.00029158936,0.0075449627,1,0.8305885,-0.06746549,0.8305885,18.295532,18.295532,18.295532,0,2,0
0.226,0,-0.0035835193,-0.0045244354,0.1488585,0,0.50375545,0.49624455,0.49624455,0,0,29.728498,-0.0065356153,-0.005078613,0.0027579395,1,0.83047044,-0.0660877,0.83047044,18.295532,18.295532,18.295532,0,2,0
0.228,0,-0.0035835193,-0.0045244354,0.1488585,0,0.5037553,0.49624473,0.49624473,0,0,29.729847,-0.0065356153,-0.005078613,0.0027579395,1,0.83048,-0.048078295,0.83048,18.295532,18.295532,18.295532,0,2,0
0.23,0,-0.0030515753,-0.0072882245,0.1488585,0,0.50375533,0.49624464,0.49624464,0,0,29.7292,-0.0065356153,-0.00827004,0.0043535354,1,0.83046705,-0.037792142,0.83046705,18.295532,18.295532,18.295532,0,2,0
0.232,0,-0.0035835193,-0.0026820002,0.1488585,0,0.50375503,0.496245,0.496245,0,0,29.73194,-0.0065356153,-0.003483017,0.0011623437,1,0.8305067,-0.023519533,0.8305067,18.295532,18.295532,18.295532,0,2,0
0.234,0,-0.0035835193,-0.006366871,0.1488585,0,0.50375533,0.4962447,0.4962447,0,0,29.72958,-0.0065356153,-0.0066742087,0.0043535354,1,0.83040076,-0.031456616,0.83040076,18.295532,18.295532,18.295532,0,2,0
0.236,0,-0.007838756,-0.0045244354,0.1488585,0,0.5037555,0.4962445,0.4962445,0,0,29.72812,-0.009727043,-0.0018871851,0.0059493673,1,0.830372,-0.027656466,0.830372,18.295532,18.295532,18.295532,0,2,0
0.238,0,-0.005711138,-0.0045244354,0.1488585,0,0.50375515,0.49624485,0.49624485,0,0,29.730791,-0.0065356153,-0.0018871851,0.0059493673,1,0.83038235,-0.020274661,0.83038235,18.295532,18.295532,18.295532,0,2,0
0.24,0,-0.0009240353,-0.005445653,0.1488585,0,0.50375533,0.4962447,0.4962447,0,0,29.72964,-0.0033441875,-0.0066742087,0.0027579395,1,0.8303052,-0.025568167,0.8303052,18.295532,18.295532,18.295532,0,2,0
0.242,0,-0.0030517324,-0.007288225,0.1488585,0,0.5037552,0.4962448,0.4962448,0,0,29.730434,-0.0049400195,-0.0066742087,0.0059493673,1,0.8301591,-0.037258178,0.8301591,18.295532,18.295532,18.295532,0,2,0
0.244,0,-0.0019878447,-0.0072882245,0.1488585,0,0.5037556,0.49624437,0.49624437,0,0,29.727139,-0.0049400195,-0.00827004,0.0043535354,1,0.82998544,-0.050837427,0.82998544,18.295532,18.295532,18.295532,0,2,0
0.246,0,-0.003051654,-0.005445653,0.1488585,0,0.5037558,0.49624422,0.49624422,0,0,29.7259,-0.0065356153,-0.0066742087,0.0027579395,1,0.8299104,-0.04658179,0.8299104,18.295532,18.295532,18.295532,0,2,0
0.248,0,-0.004647407,-0.008209579,0.1488585,0,0.50375533,0.49624467,0.49624467,0,0,29.729511,-0.008131447,-0.00827004,0.0059493673,1,0.8299976,-0.023486895,0.8299976,18.295532,18.295532,18.295532,0,2,0
0.25,0,-0.004647407,-0.006366871,0.1488585,0,0.5037553,0.4962447,0.4962447,0,0,29.729685,-0.008131447,-0.0066742087,0.0043535354,1,0.8299978,-0.018150436,0.8299978,18.295532,18.295532,18.295532,0,2,0
0.252,0,-0.0051792725,-0.005445653,0.1488585,0,0.50375533,0.49624467,0.49624467,0,0,29.729374,-0.008131447,-0.005078613,0.0043535354,1,0.82997096,-0.017651923,0.82997096,18.295532,18.295532,18.295532,0,2,0
0.254,0,-0.0062430818,-0.0054457895,0.1488585,0,0.5037554,0.49624464,0.49624464,0,0,29.729195,-0.008131447,-0.003483017,0.0059493673,1,0.82979244,-0.036772925,0.82979244,18.295532,18.295532,18.295532,0,2,0
0.256,0,-0.0041153845,-0.005445653,0.1488585,0,0.5037557,0.4962443,0.4962443,0,0,29.726496,-0.0065356153,-0.005078613,0.0043535354,1,0.829679,-0.041624352,0.829679,18.295532,18.295532,18.295532,0,2,0
0.258,0,-0.0014559006,-0.0045244354,0.1488585,0,0.50375533,0.49624467,0.49624467,0,0,29.72935,-0.0033441875,-0.005078613,0.0027579395,1,0.8294299,-0.06311847,0.8294299,18.295532,18.295532,18.295532,0,2,0
0.26,0,-0.0035835977,-0.0063670073,0.1488585,0,0.5037554,0.4962446,0.4962446,0,0,29.729017,-0.0049400195,-0.005078613,0.0059493673,1,0.82926434,-0.06796081,0.82926434,18.295532,18.295532,18.295532,0,2,0
0.262,0,-0.005711059,-0.002681864,0.1488585,0,0.50375557,0.49624443,0.49624443,0,0,29.727512,-0.0065356153,-0.00029158936,0.0043535354,1,0.82925457,-0.051579017,0.82925457,18.295532,18.295532,18.295532,0,2,0
0.264,0,-0.005179351,-0.007288225,0.1488585,0,0.5037557,0.49624434,0.49624434,0,0,29.726814,-0.008131447,-0.0066742087,0.0059493673,1,0.8292695,-0.036820427,0.8292695,18.295532,18.295532,18.295532,0,2,0
0.266,0,-0.005179351,-0.007288225,0.1488585,0,0.5037557,0.49624434,0.49624434,0,0,29.726784,-0.008131447,-0.0066742087,0.0059493673,1,0.8291763,-0.040244117,0.8291763,18.295532,18.295532,18.295532,0,2,0
0.268,0,-0.003051654,-0.005445653,0.1488585,0,0.5037552,0.49624476,0.49624476,0,0,29.730194,-0.0049400195,-0.005078613,0.0043535354,1,0.8289828,-0.0557178,0.8289828,18.295532,18.295532,18.295532,0,2,0
0.27,0,-0.0046473285,-0.0063670073,0.1488585,0,0.50375545,0.49624458,0.49624458,0,0,29.728722,-0.0065356153,-0.005078613,0.0059493673,1,0.82891154,-0.0503074,0.82891154,18.295532,18.295532,18.295532,0,2,0
0.272,0,-0.005179351,-0.007288225,0.1488585,0,0.5037557,0.4962443,0.4962443,0,0,29.726622,-0.008131447,-0.0066742087,0.0059493673,1,0.8287936,-0.0534451,0.8287936,18.295532,18.295532,18.295532,0,2,0
0.274,0,-0.0035835193,-0.006366871,0.1488585,0,0.5037556,0.4962444,0.4962444,0,0,29.727272,-0.0065356153,-0.0066742087,0.0043535354,1,0.8287157,-0.05043343,0.8287157,18.295532,18.295532,18.295532,0,2,0
0.276,0,-0.0046473285,-0.0063670073,0.1488585,0,0.5037556,0.49624434,0.49624434,0,0,29.726843,-0.0065356153,-0.005078613,0.0059493673,1,0.8286191,-0.05032018,0.8286191,18.295532,18.295532,18.295532,0,2,0
0.278,0,-0.003051654,-0.005445653,0.1488585,0,0.50375533,0.49624467,0.49624467,0,0,29.729527,-0.0049400195,-0.005078613,0.0043535354,1,0.82854337,-0.047347095,0.82854337,18.295532,18.295532,18.295532,0,2,0
0.28,0,-0.0051792725,-0.005445653,0.1488585,0,0.5037556,0.49624437,0.49624437,0,0,29.727089,-0.008131447,-0.005078613,0.0043535354,1,0.8284795,-0.043672,0.8284795,18.295532,18.295532,18.295532,0,2,0
0.282,0,-0.0051792725,-0.005445653,0.1488585,0,0.5037557,0.4962443,0.4962443,0,0,29.726576,-0.008131447,-0.005078613,0.0043535354,1,0.82842946,-0.039185077,0.82842946,18.295532,18.295532,18.295532,0,2,0
0.284,0,-0.0046473285,-0.008209443,0.1488585,0,0.5037555,0.49624446,0.49624446,0,0,29.727842,-0.0065356153,-0.0066742087,0.0075449627,1,0.82853425,-0.015169499,0.82853425,18.295532,18.295532,18.295532,0,2,0
0.286,0,-0.005179194,-0.0036030815,0.1488585,0,0.5037556,0.4962444,0.4962444,0,0,29.727299,-0.0065356153,-0.0018871851,0.0043535354,1,0.82859457,-0.005355525,0.82859457,18.295532,18.295532,18.295532,0,2,0
0.288,0,-0.004647407,-0.0045244354,0.1488585,0,0.50375575,0.49624428,0.49624428,0,0,29.726341,-0.0049400195,-0.0018871851,0.0059493673,1,-0.7421548,0.002137691,-0.7421548,18.295532,18.295532,18.295532,0,2,0
0.29,0,-0.0025197887,-0.006366871,0.1488585,0,0.50375575,0.49624425,0.49624425,0,0,29.726109,-0.0049400195,-0.0066742087,0.0043535354,1,-0.7420705,0.012620017,-0.7420705,18.295532,18.295532,18.295532,0,2,0
0.292,0,-0.0025197887,-0.006366871,0.1488585,0,0.5037557,0.49624434,0.49624434,0,0,29.726816,-0.0049400195,-0.0066742087,0.0043535354,1,-0.7420215,0.015146334,-0.7420215,18.295532,18.295532,18.295532,0,2,0
0.294,0,-0.0035835195,-0.008209579,0.1488585,0,0.50375575,0.49624425,0.49624425,0,0,29.726204,-0.0065356153,-0.00827004,0.0059493673,1,-0.7419445,0.021171656,-0.7419445,18.295532,18.295532,18.295532,0,2,0
0.296,0,-0.0041154632,-0.007288225,0.1488585,0,0.5037555,0.4962445,0.4962445,0,0,29.727957,-0.0065356153,-0.0066742087,0.0059493673,1,-0.7418374,0.028974006,-0.7418374,18.295532,18.295532,18.295532,0,2,0
0.298,0,-0.0041153845,-0.005445653,0.1488585,0,0.503755,0.496245,0.496245,0,0,29.732124,-0.0065356153,-0.005078613,0.0043535354,1,-0.7418065,0.024427116,-0.7418065,18.295532,18.295532,18.295532,0,2,0
0.3,0,-0.0057112165,-0.008209443,0.1488585,0,0.50375557,0.49624446,0.49624446,0,0,29.72772,-0.008131447,-0.0066742087,0.0075449627,1,-0.7418482,0.012529124,-0.7418482,18.295532,18.295532,18.295532,0,2,0
0.302,0,-0.005711059,-0.006367007,0.1488585,0,0.50375533,0.49624467,0.49624467,0,0,29.729359,-0.0065356153,-0.003483017,0.0075449627,1,0.82884085,-0.0043742754,0.82884085,18.295532,18.295532,18.295532,0,2,0
0.304,0,-0.0025197887,-0.0045244354,0.1488585,0,0.5037555,0.4962445,0.4962445,0,0,29.727972,-0.0049400195,-0.005078613,0.0027579395,1,0.8287224,-0.01842803,0.8287224,18.295532,18.295532,18.295532,0,2,0
0.306,0,-0.006774868,-0.0045244354,0.1488585,0,0.5037557,0.49624434,0.49624434,0,0,29.726824,-0.009727043,-0.003483017,0.0043535354,1,0.8286584,-0.023068434,0.8286584,18.295532,18.295532,18.295532,0,2,0
0.308,0,-0.0035835193,-0.0045244354,0.1488585,0,0.50375557,0.49624446,0.49624446,0,0,29.727734,-0.0049400195,-0.003483017,0.0043535354,1,0.8284742,-0.04112452,0.8284742,18.295532,18.295532,18.295532,0,2,0
0.31,0,-0.0035835193,-0.0045244354,0.1488585,0,0.50375557,0.4962444,0.4962444,0,0,29.727354,-0.0065356153,-0.005078613,0.0027579395,1,0.8283899,-0.041890282,0.8283899,18.295532,18.295532,18.295532,0,2,0
0.312,0,-0.0041153845,-0.005445653,0.1488585,0,0.5037557,0.4962443,0.4962443,0,0,29.726612,-0.0065356153,-0.005078613,0.0043535354,1,0.82834816,-0.03622355,0.82834816,18.295532,18.295532,18.295532,0,2,0
0.314,0,-0.0041154632,-0.007288225,0.1488585,0,0.5037557,0.49624434,0.49624434,0,0,29.726797,-0.0065356153,-0.0066742087,0.0059493673,1,0.8282601,-0.038432248,0.8282601,18.295532,18.295532,18.295532,0,2,0
0.316,0,-0.0062430818,-0.0054457895,0.1488585,0,0.50375557,0.49624443,0.49624443,0,0,29.727629,-0.008131447,-0.003483017,0.0059493673,1,0.8281674,-0.040786445,0.8281674,18.295532,18.295532,18.295532,0,2,0
0.318,0,-0.0051792725,-0.005445653,0.1488585,0,0.5037555,0.4962445,0.4962445,0,0,29.728127,-0.008131447,-0.005078613,0.0043535354,1,0.82822365,-0.02279287,0.82822365,18.295532,18.295532,18.295532,0,2,0
0.32,0,-0.0041154632,-0.007288225,0.1488585,0,0.50375557,0.4962444,0.4962444,0,0,29.727383,-0.0065356153,-0.0066742087,0.0059493673,1,-0.74242955,0.0011067846,-0.74242955,18.295532,18.295532,18.295532,0,2,0
0.322,0,-0.0019878447,-0.005445789,0.1488585,0,0.50375533,0.4962447,0.4962447,0,0,29.729624,-0.0065356153,-0.00827004,0.0011623437,1,-0.7422806,0.019860629,-0.7422806,18.295532,18.295532,18.295532,0,2,0
0.324,0,-0.00251971,-0.006367007,0.1488585,0,0.50375503,0.49624497,0.49624497,0,0,29.731766,-0.0065356153,-0.00827004,0.0027579395,1,-0.74211484,0.03567548,-0.74211484,18.295532,18.295532,18.295532,0,2,0
0.326,0,-0.005179351,-0.007288225,0.1488585,0,0.5037555,0.4962445,0.4962445,0,0,29.728016,-0.008131447,-0.0066742087,0.0059493673,1,-0.74206287,0.03313407,-0.74206287,18.295532,18.295532,18.295532,0,2,0
0.328,0,-0.0041153845,-0.009130796,0.1488585,0,0.50375503,0.49624494,0.49624494,0,0,29.73162,-0.0065356153,-0.00827004,0.0075449627,1,-0.74197966,0.03529304,-0.74197966,18.295532,18.295532,18.295532,0,2,0
0.33,0,-0.0041154632,-0.007288225,0.1488585,0,0.50375533,0.49624467,0.49624467,0,0,29.729553,-0.0065356153,-0.0066742087,0.0059493673,1,-0.74179155,0.049561862,-0.74179155,18.295532,18.295532,18.295532,0,2,0
0.332,0,-0.005179194,-0.0072882245,0.1488585,0,0.50375557,0.49624446,0.49624446,0,0,29.727743,-0.0065356153,-0.005078613,0.0075449627,1,-0.74176216,0.039862424,-0.74176216,18.295532,18.295532,18.295532,0,2,0
0.334,0,-0.0046473285,-0.0063670073,0.1488585,0,0.50375605,0.49624395,0.49624395,0,0,29.723736,-0.0065356153,-0.005078613,0.0059493673,1,-0.7416979,0.037624296,-0.7416979,18.295532,18.295532,18.295532,0,2,0
0.336,0,-0.004647407,-0.008209579,0.1488585,0,0.5037557,0.4962443,0.4962443,0,0,29.726538,-0.008131447,-0.00827004,0.0059493673,1,-0.7417653,0.018865136,-0.7417653,18.295532,18.295532,18.295532,0,2,0
0.338,0,-0.0041154632,-0.007288225,0.1488585,0,0.50375456,0.49624544,0.49624544,0,0,29.735687,-0.0065356153,-0.0066742087,0.0059493673,1,-0.74169844,0.023421753,-0.74169844,18.295532,18.295532,18.295532,0,2,0
0.34,0,-0.0041153845,-0.003603218,0.1488585,0,0.503755,0.49624503,0.49624503,0,0,29.732273,-0.0065356153,-0.003483017,0.0027579395,1,-0.7416405,0.023804344,-0.7416405,18.295532,18.295532,18.295532,0,2,0
0.342,0,-0.004647407,-0.006366871,0.1488585,0,0.50375545,0.49624455,0.49624455,0,0,29.728453,-0.008131447,-0.0066742087,0.0043535354,1,-0.7416347,0.018815607,-0.7416347,18.295532,18.295532,18.295532,0,2,0
0.344,0,-0.004647407,-0.006366871,0.1488585,0,0.5037553,0.49624473,0.49624473,0,0,29.729918,-0.008131447,-0.0066742087,0.0043535354,1,-0.741716,0.0032885526,-0.741716,18.295532,18.295532,18.295532,0,2,0
0.346,0,-0.0051792725,-0.009130796,0.1488585,0,0.50375515,0.49624488,0.49624488,0,0,29.730984,-0.008131447,-0.00827004,0.0075449627,1,0.8290263,-0.004822007,0.8290263,18.295532,18.295532,18.295532,0,2,0
0.348,0,-0.004647407,-0.006366871,0.1488585,0,0.50375545,0.49624455,0.49624455,0,0,29.728405,-0.008131447,-0.0066742087,0.0043535354,1,-0.74172294,0.00216314,-0.74172294,18.295532,18.295532,18.295532,0,2,0
0.35,0,-0.00464725,-0.0045244354,0.1488585,0,0.5037552,0.49624482,0.49624482,0,0,29.73057,-0.0065356153,-0.003483017,0.0043535354,1,-0.7417076,0.0038447322,-0.7417076,18.295532,18.295532,18.295532,0,2,0
0.352,0,-0.0035835193,-0.0045244354,0.1488585,0,0.5037554,0.49624464,0.49624464,0,0,29.729168,-0.0049400195,-0.003483017,0.0043535354,1,-0.7416112,0.014959334,-0.7416112,18.295532,18.295532,18.295532,0,2,0
0.354,0,-0.0035835193,-0.0045244354,0.1488585,0,0.50375545,0.49624452,0.49624452,0,0,29.72829,-0.0049400195,-0.003483017,0.0043535354,1,-0.74166054,0.0038177813,-0.74166054,18.295532,18.295532,18.295532,0,2,0
0.356,0,-0.006243003,-0.005445653,0.1488585,0,0.5037555,0.49624446,0.49624446,0,0,29.727816,-0.0065356153,-0.0018871851,0.0075449627,1,0.8290691,-0.006566012,0.8290691,18.295532,18.295532,18.295532,0,2,0
0.358,0,-0.005179194,-0.0036030815,0.1488585,0,0.5037554,0.4962446,0.4962446,0,0,29.728956,-0.0065356153,-0.0018871851,0.0043535354,1,0.82893324,-0.02271093,0.82893324,18.295532,18.295532,18.295532,0,2,0
0.36,0,-0.0046473285,-0.0063670073,0.1488585,0,0.5037552,0.4962448,0.4962448,0,0,29.73046,-0.0065356153,-0.005078613,0.0059493673,1,0.82882106,-0.031627055,0.82882106,18.295532,18.295532,18.295532,0,2,0
0.362,0,-0.005711059,-0.006367007,0.1488585,0,0.5037553,0.49624473,0.49624473,0,0,29.72983,-0.0065356153,-0.003483017,0.0075449627,1,0.82880396,-0.02618298,0.82880396,18.295532,18.295532,18.295532,0,2,0
0.364,0,-0.0041153845,-0.005445653,0.1488585,0,0.5037551,0.4962449,0.4962449,0,0,29.731255,-0.0065356153,-0.005078613,0.0043535354,1,0.82876235,-0.024195852,0.82876235,18.295532,18.295532,18.295532,0,2,0
0.366,0,-0.005179194,-0.0054457895,0.1488585,0,0.5037555,0.49624446,0.49624446,0,0,29.727861,-0.0065356153,-0.003483017,0.0059493673,1,0.8288127,-0.012420541,0.8288127,18.295532,18.295532,18.295532,0,2,0
0.368,0,-0.0019879234,-0.003603218,0.1488585,0,0.50375533,0.49624467,0.49624467,0,0,29.729431,-0.0049400195,-0.005078613,0.0011623437,1,0.82883084,-0.007674948,0.82883084,18.295532,18.295532,18.295532,0,2,0
0.37,0,-0.0046473285,-0.0063670073,0.1488585,0,0.5037553,0.4962447,0.4962447,0,0,29.729715,-0.0065356153,-0.005078613,0.0059493673,1,0.8288277,-0.0066963197,0.8288277,18.295532,18.295532,18.295532,0,2,0
0.372,0,-0.005179194,-0.0054457895,0.1488585,0,0.5037553,0.4962447,0.4962447,0,0,29.729704,-0.0065356153,-0.003483017,0.0059493673,1,0.82882774,-0.004541783,0.82882774,18.295532,18.295532,18.295532,0,2,0
0.374,0,-0.005179194,-0.0072882245,0.1488585,0,0.5037552,0.49624476,0.49624476,0,0,29.73022,-0.0065356153,-0.005078613,0.0075449627,1,-0.7417928,0.01903553,-0.7417928,18.295532,18.295532,18.295532,0,2,0
0.376,0,-0.005179351,-0.007288225,0.1488585,0,0.5037552,0.4962448,0.4962448,0,0,29.730326,-0.008131447,-0.0066742087,0.0059493673,1,-0.7416133,0.036592986,-0.7416133,18.295532,18.295532,18.295532,0,2,0
0.378,0,-0.00039217016,-0.0045244354,0.1488585,0,0.5037548,0.49624524,0.49624524,0,0,29.733862,-0.0049400195,-0.00827004,-0.00043348828,1,-0.7415485,0.035634317,-0.7415485,18.295532,18.295532,18.295532,0,2,0
0.38,0,-0.00464725,-0.0045244354,0.1488585,0,0.50375503,0.496245,0.496245,0,0,29.732008,-0.0065356153,-0.003483017,0.0043535354,1,-0.7415088,0.030521173,-0.7415088,18.295532,18.295532,18.295532,0,2,0
0.382,0,-0.0041154632,-0.007288225,0.1488585,0,0.50375515,0.49624488,0.49624488,0,0,29.731083,-0.0065356153,-0.0066742087,0.0059493673,1,-0.74151295,0.021604676,-0.74151295,18.295532,18.295532,18.295532,0,2,0
0.384,0,-0.0030515753,-0.0072882245,0.1488585,0,0.5037553,0.49624473,0.49624473,0,0,29.729948,-0.0065356153,-0.00827004,0.0043535354,1,-0.7415102,0.015945341,-0.7415102,18.295532,18.295532,18.295532,0,2,0
0.386,0,-0.0062430818,-0.0054457895,0.1488585,0,0.5037554,0.49624464,0.49624464,0,0,29.729115,-0.008131447,-0.003483017,0.0059493673,1,0.82919765,-0.00008110836,0.82919765,18.295532,18.295532,18.295532,0,2,0
0.388,0,-0.0046473285,-0.0063670073,0.1488585,0,0.50375533,0.49624464,0.49624464,0,0,29.729311,-0.0065356153,-0.005078613,0.0059493673,1,0.829067,-0.016255092,0.829067,18.295532,18.295532,18.295532,0,2,0
0.39,0,-0.0041154632,-0.007288225,0.1488585,0,0.50375533,0.49624467,0.49624467,0,0,29.729506,-0.0065356153,-0.0066742087,0.0059493673,1,0.82906246,-0.013095284,0.82906246,18.295532,18.295532,18.295532,0,2,0
0.392,0,-0.0073068906,-0.005445653,0.1488585,0,0.50375545,0.49624458,0.49624458,0,0,29.728655,-0.008131447,-0.0018871851,0.0075449627,1,0.8290005,-0.018408168,0.8290005,18.295532,18.295532,18.295532,0,2,0
0.394,0,-0.0046473285,-0.0063670073,0.1488585,0,0.5037554,0.49624458,0.49624458,0,0,29.728746,-0.0065356153,-0.005078613,0.0059493673,1,0.8289741,-0.017255347,0.8289741,18.295532,18.295532,18.295532,0,2,0
0.396,0,-0.0041154632,-0.007288225,0.1488585,0,0.5037556,0.49624437,0.49624437,0,0,29.727072,-0.0065356153,-0.0066742087,0.0059493673,1,0.82894063,-0.017032769,0.82894063,18.295532,18.295532,18.295532,0,2,0
0.398,0,-0.0041154632,-0.007288225,0.1488585,0,0.5037553,0.4962447,0.4962447,0,0,29.729715,-0.0065356153,-0.0066742087,0.0059493673,1,0.82902527,-0.002684582,0.82902527,18.295532,18.295532,18.295532,0,2,0
0.4,0,-0.006243161,-0.009130797,0.1488585,0,0.5037556,0.49624437,0.49624437,0,0,29.727058,-0.008131447,-0.0066742087,0.009140795,1,-0.7417287,0.00229856,-0.7417287,18.295532,18.295532,18.295532,0,2,0
0.402,0,-0.0046473285,-0.0063670073,0.1488585,0,0.50375533,0.49624464,0.49624464,0,0,29.729218,-0.0065356153,-0.005078613,0.0059493673,1,0.82894576,-0.014942001,0.82894576,18.295532,18.295532,18.295532,0,2,0
0.404,0,-0.0041153845,-0.005445653,0.1488585,0,0.50375557,0.49624446,0.49624446,0,0,29.727726,-0.0065356153,-0.005078613,0.0043535354,1,0.8289924,-0.0044975034,0.8289924,18.295532,18.295532,18.295532,0,2,0
0.406,0,-0.0062430813,-0.0072882245,0.1488585,0,0.5037556,0.49624437,0.49624437,0,0,29.727118,-0.008131447,-0.005078613,0.0075449627,1,0.8289731,-0.0061280136,0.8289731,18.295532,18.295532,18.295532,0,2,0
0.408,0,-0.003051654,-0.003603218,0.1488585,0,0.50375545,0.49624452,0.49624452,0,0,29.72832,-0.0049400195,-0.003483017,0.0027579395,1,0.8288673,-0.019121885,0.8288673,18.295532,18.295532,18.295532,0,2,0
0.41,0,-0.0051792725,-0.005445653,0.1488585,0,0.5037556,0.49624437,0.49624437,0,0,29.72698,-0.008131447,-0.005078613,0.0043535354,1,0.8286933,-0.036425445,0.8286933,18.295532,18.295532,18.295532,0,2,0
0.412,0,-0.0051792725,-0.005445653,0.1488585,0,0.5037556,0.49624437,0.49624437,0,0,29.727076,-0.008131447,-0.005078613,0.0043535354,1,0.82857114,-0.042129207,0.82857114,18.295532,18.295532,18.295532,0,2,0
0.414,0,-0.0035835977,-0.008209443,0.1488585,0,0.5037556,0.49624437,0.49624437,0,0,29.727041,-0.0049400195,-0.0066742087,0.0075449627,1,0.8286156,-0.02583548,0.8286156,18.295532,18.295532,18.295532,0,2,0
0.416,0,-0.0041154632,-0.0054457895,0.1488585,0,0.5037554,0.49624458,0.49624458,0,0,29.728819,-0.0049400195,-0.003483017,0.0059493673,1,0.82862383,-0.018990697,0.82862383,18.295532,18.295532,18.295532,0,2,0
0.418,0,-0.0046473285,-0.0063670073,0.1488585,0,0.5037556,0.4962444,0.4962444,0,0,29.727201,-0.0065356153,-0.005078613,0.0059493673,1,0.8284975,-0.030659346,0.8284975,18.295532,18.295532,18.295532,0,2,0
0.42,0,-0.00464725,-0.0045244354,0.1488585,0,0.5037552,0.4962448,0.4962448,0,0,29.730316,-0.0065356153,-0.003483017,0.0043535354,1,0.8284936,-0.023434587,0.8284936,18.295532,18.295532,18.295532,0,2,0
0.422,0,-0.005179194,-0.0054457895,0.1488585,0,0.5037555,0.49624446,0.49624446,0,0,29.727816,-0.0065356153,-0.003483017,0.0059493673,1,0.8284067,-0.029557688,0.8284067,18.295532,18.295532,18.295532,0,2,0
0.424,0,-0.0035835193,-0.006366871,0.1488585,0,0.5037556,0.49624434,0.49624434,0,0,29.726892,-0.0065356153,-0.0066742087,0.0043535354,1,0.8282938,-0.03662149,0.8282938,18.295532,18.295532,18.295532,0,2,0
0.426,0,-0.005179194,-0.0072882245,0.1488585,0,0.5037556,0.49624437,0.49624437,0,0,29.726982,-0.0065356153,-0.005078613,0.0075449627,1,0.82823384,-0.034671362,0.82823384,18.295532,18.295532,18.295532,0,2,0
0.428,0,-0.0035835193,-0.0045244354,0.1488585,0,0.50375557,0.49624443,0.49624443,0,0,29.727493,-0.0065356153,-0.005078613,0.0027579395,1,0.8283293,-0.014016936,0.8283293,18.295532,18.295532,18.295532,0,2,0
0.43,0,-0.00464725,-0.0045244354,0.1488585,0,0.5037553,0.49624473,0.49624473,0,0,29.729834,-0.0065356153,-0.003483017,0.0043535354,1,0.82832146,-0.011886918,0.82832146,18.295532,18.295532,18.295532,0,2,0
0.432,0,-0.00251971,-0.006367007,0.1488585,0,0.5037556,0.49624437,0.49624437,0,0,29.727083,-0.0065356153,-0.00827004,0.0027579395,1,0.82825094,-0.018189786,0.82825094,18.295532,18.295532,18.295532,0,2,0
0.434,0,-0.005179194,-0.0072882245,0.1488585,0,0.5037554,0.4962446,0.4962446,0,0,29.728973,-0.0065356153,-0.005078613,0.0075449627,1,0.8283527,-0.00015593786,0.8283527,18.295532,18.295532,18.295532,0,2,0
0.436,0,-0.006243003,-0.005445653,0.1488585,0,0.50375545,0.49624452,0.49624452,0,0,29.728296,-0.009727043,-0.005078613,0.0043535354,1,-0.7423726,0.008281359,-0.7423726,18.295532,18.295532,18.295532,0,2,0
0.438,0,-0.006774947,-0.0063670073,0.1488585,0,0.503755,0.49624503,0.49624503,0,0,29.73222,-0.009727043,-0.005078613,0.0059493673,1,0.8282789,-0.013025331,0.8282789,18.295532,18.295532,18.295532,0,2,0
0.44,0,-0.0030517324,-0.007288225,0.1488585,0,0.5037551,0.49624494,0.49624494,0,0,29.731453,-0.0049400195,-0.0066742087,0.0059493673,1,0.82809913,-0.03337927,0.82809913,18.295532,18.295532,18.295532,0,2,0
0.442,0,-0.0030517324,-0.007288225,0.1488585,0,0.5037553,0.49624476,0.49624476,0,0,29.730053,-0.0049400195,-0.0066742087,0.0059493673,1,0.82793164,-0.045872644,0.82793164,18.295532,18.295532,18.295532,0,2,0
0.444,0,-0.0025197887,-0.006366871,0.1488585,0,0.50375575,0.49624422,0.49624422,0,0,29.726006,-0.0049400195,-0.0066742087,0.0043535354,1,0.8280112,-0.023253065,0.8280112,18.295532,18.295532,18.295532,0,2,0
0.446,0,-0.0019878447,-0.007288225,0.1488585,0,0.5037554,0.49624458,0.49624458,0,0,29.72878,-0.0033441875,-0.0066742087,0.0059493673,1,-0.74265033,0.00017090142,-0.74265033,18.295532,18.295532,18.295532,0,2,0
0.448,0,-0.0046473285,-0.0063670073,0.1488585,0,0.50375557,0.49624443,0.49624443,0,0,29.727554,-0.0065356153,-0.005078613,0.0059493673,1,-0.74255234,0.012503981,-0.74255234,18.295532,18.295532,18.295532,0,2,0
0.45,0,-0.00464725,-0.0045244354,0.1488585,0,0.50375545,0.49624455,0.49624455,0,0,29.728529,-0.0065356153,-0.003483017,0.0043535354,1,-0.74247307,0.018984562,-0.74247307,18.295532,18.295532,18.295532,0,2,0
0.452,0,-0.0035835193,-0.010052013,0.1488585,0,0.503755,0.496245,0.496245,0,0,29.732128,-0.0065356153,-0.009865636,0.0075449627,1,-0.7425034,0.009957699,-0.7425034,18.295532,18.295532,18.295532,0,2,0
0.454,0,-0.00464725,-0.0045244354,0.1488585,0,0.50375533,0.49624467,0.49624467,0,0,29.729534,-0.0065356153,-0.003483017,0.0043535354,1,-0.7424817,0.009610027,-0.7424817,18.295532,18.295532,18.295532,0,2,0
0.456,0,-0.0046473285,-0.0063670073,0.1488585,0,0.50375557,0.49624446,0.49624446,0,0,29.727676,-0.0065356153,-0.005078613,0.0059493673,1,0.82825744,-0.00059500005,0.82825744,18.295532,18.295532,18.295532,0,2,0
0.458,0,-0.0041153845,-0.005445653,0.1488585,0,0.50375533,0.4962447,0.4962447,0,0,29.729588,-0.0065356153,-0.005078613,0.0043535354,1,-0.7425243,0.00028081902,-0.7425243,18.295532,18.295532,18.295532,0,2,0
0.46,0,-0.0041153845,-0.009130796,0.1488585,0,0.503755,0.49624503,0.49624503,0,0,29.73219,-0.0065356153,-0.00827004,0.0075449627,1,0.8282101,-0.008038941,0.8282101,18.295532,18.295532,18.295532,0,2,0
0.462,0,-0.0030517327,-0.005445789,0.1488585,0,0.50375545,0.49624455,0.49624455,0,0,29.728432,-0.008131447,-0.00827004,0.0011623437,1,-0.74252826,0.0016326101,-0.74252826,18.295532,18.295532,18.295532,0,2,0
0.464,0,-0.0046473285,-0.0063670073,0.1488585,0,0.5037554,0.49624458,0.49624458,0,0,29.728811,-0.0065356153,-0.005078613,0.0059493673,1,-0.74249214,0.0051391693,-0.74249214,18.295532,18.295532,18.295532,0,2,0
0.466,0,-0.004115542,-0.005445653,0.1488585,0,0.5037554,0.49624458,0.49624458,0,0,29.728794,-0.008131447,-0.0066742087,0.0027579395,1,-0.7424916,0.0030625218,-0.7424916,18.295532,18.295532,18.295532,0,2,0
0.468,0,-0.0030515753,-0.0072882245,0.1488585,0,0.5037555,0.49624446,0.49624446,0,0,29.727896,-0.0065356153,-0.00827004,0.0043535354,1,0.8282521,-0.004912682,0.8282521,18.295532,18.295532,18.295532,0,2,0
0.47,0,-0.0041154632,-0.007288225,0.1488585,0,0.5037557,0.49624428,0.49624428,0,0,29.726444,-0.0065356153,-0.0066742087,0.0059493673,1,0.82821673,-0.008326094,0.82821673,18.295532,18.295532,18.295532,0,2,0
0.472,0,-0.0014559794,-0.008209443,0.1488585,0,0.5037556,0.49624437,0.49624437,0,0,29.727068,-0.0049400195,-0.009865636,0.0043535354,1,0.82823926,-0.002857599,0.82823926,18.295532,18.295532,18.295532,0,2,0
0.474,0,-0.0051792725,-0.003603218,0.1488585,0,0.5037554,0.4962446,0.4962446,0,0,29.728949,-0.0049400195,-0.00029158936,0.0059493673,1,-0.74246407,0.009190349,-0.74246407,18.295532,18.295532,18.295532,0,2,0
0.476,0,-0.0051792725,-0.005445653,0.1488585,0,0.5037556,0.4962444,0.4962444,0,0,29.727272,-0.008131447,-0.005078613,0.0043535354,1,-0.7423838,0.017077856,-0.7423838,18.295532,18.295532,18.295532,0,2,0
0.478,0,-0.0025196313,-0.0045244354,0.1488585,0,0.5037552,0.49624482,0.49624482,0,0,29.73054,-0.0033441875,-0.003483017,0.0043535354,1,-0.7422622,0.028397938,-0.7422622,18.295532,18.295532,18.295532,0,2,0
0.48,0,-0.0025196313,-0.0045244354,0.1488585,0,0.5037548,0.49624524,0.49624524,0,0,29.7339,-0.0033441875,-0.003483017,0.0043535354,1,-0.7422319,0.02435578,-0.7422319,18.295532,18.295532,18.295532,0,2,0
0.482,0,-0.0057112165,-0.0063670073,0.1488585,0,0.5037551,0.4962449,0.4962449,0,0,29.731352,-0.008131447,-0.005078613,0.0059493673,1,-0.74217033,0.02522285,-0.74217033,18.295532,18.295532,18.295532,0,2,0
0.484,0,-0.00464725,-0.0045244354,0.1488585,0,0.50375545,0.49624455,0.49624455,0,0,29.728413,-0.0065356153,-0.003483017,0.0043535354,1,-0.7421606,0.020101827,-0.7421606,18.295532,18.295532,18.295532,0,2,0
0.486,0,-0.003051654,-0.005445653,0.1488585,0,0.5037552,0.4962448,0.4962448,0,0,29.730433,-0.0065356153,-0.0066742087,0.0027579395,1,-0.7421257,0.019003177,-0.7421257,18.295532,18.295532,18.295532,0,2,0
0.488,0,-0.0009240353,-0.005445653,0.1488585,0,0.5037552,0.4962448,0.4962448,0,0,29.730297,-0.0033441875,-0.0066742087,0.0027579395,1,-0.7420714,0.021406764,-0.7420714,18.295532,18.295532,18.295532,0,2,0
0.49,0,-0.00039217,-0.0045244354,0.1488585,0,0.50375515,0.49624485,0.49624485,0,0,29.730955,-0.0017485917,-0.005078613,0.0027579395,1,-0.7420778,0.013536046,-0.7420778,18.295532,18.295532,18.295532,0,2,0
0.492,0,-0.0041153845,-0.005445653,0.1488585,0,0.5037552,0.49624476,0.49624476,0,0,29.730165,-0.0065356153,-0.005078613,0.0043535354,1,-0.7420225,0.016962647,-0.7420225,18.295532,18.295532,18.295532,0,2,0
0.494,0,-0.0035835193,-0.006366871,0.1488585,0,0.5037551,0.49624488,0.49624488,0,0,29.731092,-0.0065356153,-0.0066742087,0.0043535354,1,-0.7420049,0.014268038,-0.7420049,18.295532,18.295532,18.295532,0,2,0
0.496,0,-0.003051654,-0.005445653,0.1488585,0,0.5037557,0.4962443,0.4962443,0,0,29.72664,-0.0049400195,-0.005078613,0.0043535354,1,-0.74203175,0.0067008403,-0.74203175,18.295532,18.295532,18.295532,0,2,0
0.498,0,-0.0057112165,-0.008209443,0.1488585,0,0.5037554,0.49624464,0.49624464,0,0,29.729153,-0.008131447,-0.0066742087,0.0075449627,1,0.8287168,-0.00090718677,0.8287168,18.295532,18.295532,18.295532,0,2,0
0.5,0,-0.0030515753,-0.0054457895,0.1488585,0,0.5037554,0.49624458,0.49624458,0,0,29.728771,-0.0033441875,-0.003483017,0.0059493673,1,0.82865536,-0.009224764,0.82865536,18.295532,18.295532,18.295532,0,2,0
0.502,0,-0.005179194,-0.0054457895,0.1488585,0,0.5037555,0.4962445,0.4962445,0,0,29.727951,-0.0065356153,-0.003483017,0.0059493673,1,0.8285814,-0.01606775,0.8285814,18.295532,18.295532,18.295532,0,2,0
0.504,0,-0.0025197887,-0.006366871,0.1488585,0,0.5037554,0.4962446,0.4962446,0,0,29.729027,-0.0049400195,-0.0066742087,0.0043535354,1,0.82849437,-0.02394447,0.82849437,18.295532,18.295532,18.295532,0,2,0
0.506,0,-0.0051792725,-0.005445653,0.1488585,0,0.50375545,0.49624452,0.49624452,0,0,29.72829,-0.008131447,-0.005078613,0.0043535354,1,0.8284241,-0.027137788,0.8284241,18.295532,18.295532,18.295532,0,2,0
0.508,0,-0.0019879234,-0.003603218,0.1488585,0,0.50375545,0.49624455,0.49624455,0,0,29.72843,-0.0049400195,-0.005078613,0.0011623437,1,0.8284005,-0.023302387,0.8284005,18.295532,18.295532,18.295532,0,2,0
0.51,0,-0.005179351,-0.007288225,0.1488585,0,0.5037553,0.49624473,0.49624473,0,0,29.729889,-0.008131447,-0.0066742087,0.0059493673,1,0.8284168,-0.0152301295,0.8284168,18.295532,18.295532,18.295532,0,2,0
0.512,0,-0.004647407,-0.006366871,0.1488585,0,0.5037553,0.4962447,0.4962447,0,0,29.729698,-0.008131447,-0.0066742087,0.0043535354,1,0.8283945,-0.013874033,0.8283945,18.295532,18.295532,18.295532,0,2,0
0.514,0,-0.00464725,-0.0045244354,0.1488585,0,0.5037553,0.49624473,0.49624473,0,0,29.729874,-0.0065356153,-0.003483017,0.0043535354,1,-0.7422956,0.0033521464,-0.7422956,18.295532,18.295532,18.295532,0,2,0
0.516,0,-0.0041153845,-0.005445653,0.1488585,0,0.50375545,0.49624455,0.49624455,0,0,29.728546,-0.0065356153,-0.005078613,0.0043535354,1,-0.7422454,0.008653969,-0.7422454,18.295532,18.295532,18.295532,0,2,0
0.518,0,-0.0019879234,-0.005445653,0.1488585,0,0.50375515,0.49624482,0.49624482,0,0,29.730633,-0.0049400195,-0.0066742087,0.0027579395,1,-0.74226266,0.0043304977,-0.74226266,18.295532,18.295532,18.295532,0,2,0
0.52,0,-0.00464725,-0.0045244354,0.1488585,0,0.50375515,0.49624485,0.49624485,0,0,29.730904,-0.0065356153,-0.003483017,0.0043535354,1,-0.74221003,0.010044279,-0.74221003,18.295532,18.295532,18.295532,0,2,0
0.522,0,-0.0041153845,-0.005445653,0.1488585,0,0.50375533,0.49624467,0.49624467,0,0,29.729374,-0.0065356153,-0.005078613,0.0043535354,1,-0.7421926,0.009097618,-0.7421926,18.295532,18.295532,18.295532,0,2,0
0.524,0,-0.0046473285,-0.008209443,0.1488585,0,0.5037556,0.4962444,0.4962444,0,0,29.727247,-0.0065356153,-0.0066742087,0.0075449627,1,-0.7421649,0.00996797,-0.7421649,18.295532,18.295532,18.295532,0,2,0
0.526,0,-0.005179194,-0.0072882245,0.1488585,0,0.5037555,0.4962445,0.4962445,0,0,29.727917,-0.0065356153,-0.005078613,0.0075449627,1,-0.7421266,0.011066044,-0.7421266,18.295532,18.295532,18.295532,0,2,0
0.528,0,-0.005179194,-0.0072882245,0.1488585,0,0.5037553,0.4962447,0.4962447,0,0,29.729786,-0.0065356153,-0.005078613,0.0075449627,1,-0.742108,0.010102484,-0.742108,18.295532,18.295532,18.295532,0,2,0
0.53,0,-0.0046473285,-0.0063670073,0.1488585,0,0.5037552,0.49624482,0.49624482,0,0,29.730518,-0.0065356153,-0.005078613,0.0059493673,1,-0.74208796,0.009843232,-0.74208796,18.295532,18.295532,18.295532,0,2,0
0.532,0,-0.0057112165,-0.008209443,0.1488585,0,0.5037553,0.49624473,0.49624473,0,0,29.729965,-0.008131447,-0.0066742087,0.0075449627,1,-0.7419292,0.027246622,-0.7419292,18.295532,18.295532,18.295532,0,2,0
0.534,0,-0.0041154632,-0.0054457895,0.1488585,0,0.5037554,0.4962446,0.4962446,0,0,29.729025,-0.0049400195,-0.003483017,0.0059493673,1,-0.74187165,0.02650376,-0.74187165,18.295532,18.295532,18.295532,0,2,0
0.536,0,-0.00464725,-0.0045244354,0.1488585,0,0.5037555,0.49624452,0.49624452,0,0,29.728142,-0.0065356153,-0.003483017,0.0043535354,1,-0.74183875,0.02335317,-0.74183875,18.295532,18.295532,18.295532,0,2,0
0.538,0,-0.0025196313,-0.0045244354,0.1488585,0,0.5037552,0.49624476,0.49624476,0,0,29.73017,-0.0033441875,-0.003483017,0.0043535354,1,-0.7418806,0.011567978,-0.7418806,18.295532,18.295532,18.295532,0,2,0
0.54,0,-0.006243003,-0.007288361,0.1488585,0,0.50375533,0.49624467,0.49624467,0,0,29.729374,-0.0065356153,-0.003483017,0.009140795,1,-0.7418991,0.0056558237,-0.7418991,18.295532,18.295532,18.295532,0,2,0
0.542,0,-0.005179194,-0.0036030815,0.1488585,0,0.5037552,0.4962448,0.4962448,0,0,29.730387,-0.0065356153,-0.0018871851,0.0043535354,1,-0.7418871,0.0061570997,-0.7418871,18.295532,18.295532,18.295532,0,2,0
0.544,0,-0.0030515753,-0.0072882245,0.1488585,0,0.50375515,0.49624482,0.49624482,0,0,29.730625,-0.0065356153,-0.00827004,0.0043535354,1,0.8288343,-0.0056691505,0.8288343,18.295532,18.295532,18.295532,0,2,0
0.546,0,-0.0057112165,-0.0063670073,0.1488585,0,0.50375557,0.4962444,0.4962444,0,0,29.727385,-0.008131447,-0.005078613,0.0059493673,1,0.8288176,-0.006916972,0.8288176,18.295532,18.295532,18.295532,0,2,0
0.548,0,-0.0041154632,-0.0017606464,0.1488585,0,0.50375515,0.49624485,0.49624485,0,0,29.7308,-0.0049400195,-0.00029158936,0.0027579395,1,0.8287309,-0.016389506,0.8287309,18.295532,18.295532,18.295532,0,2,0
0.55,0,-0.0041153845,-0.005445653,0.1488585,0,0.5037554,0.49624458,0.49624458,0,0,29.728758,-0.0065356153,-0.005078613,0.0043535354,1,0.828658,-0.02222765,0.828658,18.295532,18.295532,18.295532,0,2,0
0.552,0,-0.0051792725,-0.005445653,0.1488585,0,0.5037552,0.49624476,0.49624476,0,0,29.730247,-0.008131447,-0.005078613,0.0043535354,1,0.82865465,-0.017029565,0.82865465,18.295532,18.295532,18.295532,0,2,0
0.554,0,-0.0019878447,-0.0072882245,0.1488585,0,0.5037552,0.4962448,0.4962448,0,0,29.730396,-0.0049400195,-0.00827004,0.0043535354,1,0.8287045,-0.006166637,0.8287045,18.295532,18.295532,18.295532,0,2,0
0.556,0,-0.003051654,-0.003603218,0.1488585,0,0.50375557,0.49624443,0.49624443,0,0,29.727592,-0.0049400195,-0.003483017,0.0027579395,1,0.82874495,-0.00030914263,0.82874495,18.295532,18.295532,18.295532,0,2,0
0.558,0,-0.004115542,-0.005445653,0.1488585,0,0.5037557,0.4962443,0.4962443,0,0,29.72654,-0.008131447,-0.0066742087,0.0027579395,1,0.82868665,-0.008427415,0.82868665,18.295532,18.295532,18.295532,0,2,0
0.56,0,-0.0035835193,-0.006366871,0.1488585,0,0.50375557,0.49624446,0.49624446,0,0,29.727722,-0.0065356153,-0.0066742087,0.0043535354,1,0.8286122,-0.01588316,0.8286122,18.295532,18.295532,18.295532,0,2,0
0.562,0,-0.00464725,-0.0045244354,0.1488585,0,0.5037555,0.49624446,0.49624446,0,0,29.727854,-0.0065356153,-0.003483017,0.0043535354,1,0.8284642,-0.031024404,0.8284642,18.295532,18.295532,18.295532,0,2,0
0.564,0,-0.0025197887,-0.0045244354,0.1488585,0,0.50375557,0.4962444,0.4962444,0,0,29.72735,-0.0049400195,-0.005078613,0.0027579395,1,0.8283507,-0.03860896,0.8283507,18.295532,18.295532,18.295532,0,2,0
0.566,0,-0.00464725,-0.0045244354,0.1488585,0,0.5037553,0.49624476,0.49624476,0,0,29.73005,-0.0065356153,-0.003483017,0.0043535354,1,0.8281994,-0.047202375,0.8281994,18.295532,18.295532,18.295532,0,2,0
0.568,0,-0.00464725,-0.0045244354,0.1488585,0,0.5037555,0.49624446,0.49624446,0,0,29.72779,-0.0065356153,-0.003483017,0.0043535354,1,0.8281548,-0.040613785,0.8281548,18.295532,18.295532,18.295532,0,2,0
0.57,0,-0.005711138,-0.0045244354,0.1488585,0,0.5037555,0.4962445,0.4962445,0,0,29.728024,-0.008131447,-0.003483017,0.0043535354,1,0.828107,-0.036475115,0.828107,18.295532,18.295532,18.295532,0,2,0
0.572,0,-0.0062430818,-0.0054457895,0.1488585,0,0.5037553,0.49624473,0.49624473,0,0,29.729818,-0.008131447,-0.003483017,0.0059493673,1,0.8280885,-0.02955944,0.8280885,18.295532,18.295532,18.295532,0,2,0
0.574,0,-0.0025197887,-0.006366871,0.1488585,0,0.50375533,0.49624467,0.49624467,0,0,29.729391,-0.0049400195,-0.0066742087,0.0043535354,1,0.82815593,-0.013193217,0.82815593,18.295532,18.295532,18.295532,0,2,0
0.576,0,-0.0025197887,-0.0045244354,0.1488585,0,0.5037555,0.49624452,0.49624452,0,0,29.728168,-0.0049400195,-0.005078613,0.0027579395,1,0.8281391,-0.0120606925,0.8281391,18.295532,18.295532,18.295532,0,2,0
0.578,0,-0.005179194,-0.0054457895,0.1488585,0,0.5037555,0.4962445,0.4962445,0,0,29.72797,-0.0065356153,-0.003483017,0.0059493673,1,0.82818556,-0.0043073627,0.82818556,18.295532,18.295532,18.295532,0,2,0
0.58,0,-0.0035835193,-0.0045244354,0.1488585,0,0.5037553,0.49624473,0.49624473,0,0,29.729849,-0.0065356153,-0.005078613,0.0027579395,1,-0.74258345,0.00007513163,-0.74258345,18.295532,18.295532,18.295532,0,2,0
0.582,0,-0.0035835193,-0.0045244354,0.1488585,0,0.50375545,0.49624452,0.49624452,0,0,29.728312,-0.0049400195,-0.003483017,0.0043535354,1,0.8280761,-0.017329933,0.8280761,18.295532,18.295532,18.295532,0,2,0
0.584,0,-0.0046473285,-0.0063670073,0.1488585,0,0.5037553,0.49624473,0.49624473,0,0,29.730022,-0.0065356153,-0.005078613,0.0059493673,1,0.8280966,-0.009346528,0.8280966,18.295532,18.295532,18.295532,0,2,0
0.586,0,-0.0057112165,-0.0063670073,0.1488585,0,0.5037554,0.49624458,0.49624458,0,0,29.728811,-0.008131447,-0.005078613,0.0059493673,1,-0.74262255,0.0024220133,-0.74262255,18.295532,18.295532,18.295532,0,2,0
0.588,0,-0.005711059,-0.006367007,0.1488585,0,0.50375545,0.49624455,0.49624455,0,0,29.728577,-0.0065356153,-0.003483017,0.0075449627,1,-0.74250054,0.017588343,-0.74250054,18.295532,18.295532,18.295532,0,2,0
0.59,0,-0.0041153845,-0.005445653,0.1488585,0,0.50375557,0.49624443,0.49624443,0,0,29.727554,-0.0065356153,-0.005078613,0.0043535354,1,-0.7424246,0.022841746,-0.7424246,18.295532,18.295532,18.295532,0,2,0
0.592,0,-0.0030516542,-0.009130796,0.1488585,0,0.503756,0.49624398,0.49624398,0,0,29.724094,-0.0065356153,-0.009865636,0.0059493673,1,-0.7422615,0.037324682,-0.7422615,18.295532,18.295532,18.295532,0,2,0
0.594,0,-0.005179351,-0.007288225,0.1488585,0,0.50375557,0.49624443,0.49624443,0,0,29.72752,-0.008131447,-0.0066742087,0.0059493673,1,-0.7421277,0.04537921,-0.7421277,18.295532,18.295532,18.295532,0,2,0
0.596,0,-0.009434431,-0.0054457895,0.1488585,0,0.50375557,0.4962444,0.4962444,0,0,29.72735,-0.009727043,-0.00029158936,0.009140795,1,-0.7421069,0.03485184,-0.7421069,18.295532,18.295532,18.295532,0,2,0
0.598,0,-0.004647407,-0.0045244354,0.1488585,0,0.5037554,0.4962446,0.4962446,0,0,29.728922,-0.0049400195,-0.0018871851,0.0059493673,1,-0.74206233,0.031111678,-0.74206233,18.295532,18.295532,18.295532,0,2,0
0.6,0,-0.0046473285,-0.008209443,0.1488585,0,0.5037553,0.49624476,0.49624476,0,0,29.730032,-0.0065356153,-0.0066742087,0.0075449627,1,-0.7421309,0.014345814,-0.7421309,18.295532,18.295532,18.295532,0,2,0
0.602,0,-0.0041153845,-0.003603218,0.1488585,0,0.5037552,0.4962448,0.4962448,0,0,29.730324,-0.0065356153,-0.003483017,0.0027579395,1,-0.7420599,0.019776454,-0.7420599,18.295532,18.295532,18.295532,0,2,0
0.604,0,-0.0014559006,-0.006366871,0.1488585,0,0.5037555,0.4962445,0.4962445,0,0,29.728071,-0.0033441875,-0.0066742087,0.0043535354,1,-0.74191713,0.03340145,-0.74191713,18.295532,18.295532,18.295532,0,2,0
0.606,0,-0.004647407,-0.006366871,0.1488585,0,0.5037553,0.4962447,0.4962447,0,0,29.729685,-0.008131447,-0.0066742087,0.0043535354,1,-0.7418101,0.037866786,-0.7418101,18.295532,18.295532,18.295532,0,2,0
0.608,0,-0.0057112165,-0.0063670073,0.1488585,0,0.5037551,0.4962449,0.4962449,0,0,29.731361,-0.008131447,-0.005078613,0.0059493673,1,-0.7417012,0.042029567,-0.7417012,18.295532,18.295532,18.295532,0,2,0
0.61,0,-0.005179351,-0.007288225,0.1488585,0,0.5037551,0.49624488,0.49624488,0,0,29.731201,-0.008131447,-0.0066742087,0.0059493673,1,-0.7416386,0.03817272,-0.7416386,18.295532,18.295532,18.295532,0,2,0
0.612,0,-0.0009240353,-0.003603218,0.1488585,0,0.50375533,0.49624467,0.49624467,0,0,29.729372,-0.0017485917,-0.003483017,0.0027579395,1,-0.7415872,0.0348894,-0.7415872,18.295532,18.295532,18.295532,0,2,0
0.614,0,-0.0046473285,-0.006367007,0.1488585,0,0.50375557,0.49624446,0.49624446,0,0,29.727758,-0.0049400195,-0.003483017,0.0075449627,1,-0.74153525,0.031889137,-0.74153525,18.295532,18.295532,18.295532,0,2,0
0.616,0,-0.005179194,-0.0072882245,0.1488585,0,0.50375575,0.49624425,0.49624425,0,0,29.72614,-0.0065356153,-0.005078613,0.0075449627,1,-0.7414664,0.03188545,-0.7414664,18.295532,18.295532,18.295532,0,2,0
0.618,0,-0.0035835977,-0.008209443,0.1488585,0,0.50375557,0.49624446,0.49624446,0,0,29.72777,-0.0049400195,-0.0066742087,0.0075449627,1,-0.74158335,0.007588708,-0.74158335,18.295532,18.295532,18.295532,0,2,0
0.62,0,-0.0035835977,-0.0063670073,0.1488585,0,0.5037554,0.4962446,0.4962446,0,0,29.728962,-0.0049400195,-0.005078613,0.0059493673,1,-0.7415952,0.003939753,-0.7415952,18.295532,18.295532,18.295532,0,2,0
0.622,0,-0.0035835193,-0.006366871,0.1488585,0,0.50375515,0.49624485,0.49624485,0,0,29.730865,-0.0065356153,-0.0066742087,0.0043535354,1,-0.74141115,0.026681386,-0.74141115,18.295532,18.295532,18.295532,0,2,0
0.624,0,-0.0041153845,-0.005445653,0.1488585,0,0.5037553,0.49624473,0.49624473,0,0,29.729868,-0.0065356153,-0.005078613,0.0043535354,1,-0.741266,0.037711177,-0.741266,18.295532,18.295532,18.295532,0,2,0
0.626,0,-0.0062430818,-0.007288225,0.1488585,0,0.50375533,0.49624464,0.49624464,0,0,29.729277,-0.009727043,-0.0066742087,0.0059493673,1,-0.7412202,0.03386875,-0.7412202,18.295532,18.295532,18.295532,0,2,0
0.628,0,-0.006774947,-0.008209443,0.1488585,0,0.50375545,0.49624455,0.49624455,0,0,29.728434,-0.009727043,-0.0066742087,0.0075449627,1,-0.741196,0.028159255,-0.741196,18.295532,18.295532,18.295532,0,2,0
0.63,0,-0.005179194,-0.0036030815,0.1488585,0,0.5037549,0.49624512,0.49624512,0,0,29.732876,-0.0065356153,-0.0018871851,0.0043535354,1,-0.7412379,0.014636119,-0.7412379,18.295532,18.295532,18.295532,0,2,0
0.632,0,-0.0025197887,-0.0045244354,0.1488585,0,0.5037554,0.49624464,0.49624464,0,0,29.729113,-0.0065356153,-0.0066742087,0.0011623437,1,0.82936996,-0.014396573,0.82936996,18.295532,18.295532,18.295532,0,2,0
0.634,0,-0.0030517324,-0.007288225,0.1488585,0,0.50375575,0.49624425,0.49624425,0,0,29.726233,-0.0049400195,-0.0066742087,0.0059493673,1,0.82920665,-0.03233196,0.82920665,18.295532,18.295532,18.295532,0,2,0
0.636,0,-0.0046473285,-0.0063670073,0.1488585,0,0.50375557,0.4962444,0.4962444,0,0,29.727379,-0.0065356153,-0.005078613,0.0059493673,1,0.8291252,-0.034296196,0.8291252,18.295532,18.295532,18.295532,0,2,0
0.638,0,-0.0057112165,-0.0063670073,0.1488585,0,0.50375557,0.49624443,0.49624443,0,0,29.727484,-0.008131447,-0.005078613,0.0059493673,1,0.8290556,-0.033763785,0.8290556,18.295532,18.295532,18.295532,0,2,0
0.64,0,-0.0041154632,-0.0072882245,0.1488585,0,0.5037555,0.49624452,0.49624452,0,0,29.72824,-0.0049400195,-0.005078613,0.0075449627,1,0.8290463,-0.026398659,0.8290463,18.295532,18.295532,18.295532,0,2,0
0.642,0,-0.004647407,-0.0045244354,0.1488585,0,0.5037555,0.49624446,0.49624446,0,0,29.727804,-0.008131447,-0.005078613,0.0027579395,1,0.8290009,-0.025924068,0.8290009,18.295532,18.295532,18.295532,0,2,0
0.644,0,-0.0062430818,-0.0054457895,0.1488585,0,0.50375557,0.49624443,0.49624443,0,0,29.727661,-0.008131447,-0.003483017,0.0059493673,1,0.82905596,-0.01186374,0.82905596,18.295532,18.295532,18.295532,0,2,0
0.646,0,-0.0062430818,-0.0054457895,0.1488585,0,0.5037556,0.49624437,0.49624437,0,0,29.727167,-0.008131447,-0.003483017,0.0059493673,1,0.82910657,-0.0028248734,0.82910657,18.295532,18.295532,18.295532,0,2,0
0.648,0,-0.0041154632,-0.0054457895,0.1488585,0,0.5037555,0.49624452,0.49624452,0,0,29.72823,-0.0049400195,-0.003483017,0.0059493673,1,0.8290562,-0.008738769,0.8290562,18.295532,18.295532,18.295532,0,2,0
0.65,0,-0.0057112165,-0.008209443,0.1488585,0,0.50375533,0.4962447,0.4962447,0,0,29.729614,-0.008131447,-0.0066742087,0.0075449627,1,0.8290233,-0.010538599,0.8290233,18.295532,18.295532,18.295532,0,2,0
0.652,0,-0.0041154632,-0.007288225,0.1488585,0,0.50375503,0.49624494,0.49624494,0,0,29.731663,-0.0065356153,-0.0066742087,0.0059493673,1,0.82899,-0.012853982,0.82899,18.295532,18.295532,18.295532,0,2,0
0.654,0,-0.006774947,-0.008209443,0.1488585,0,0.5037551,0.4962449,0.4962449,0,0,29.731236,-0.009727043,-0.0066742087,0.0075449627,1,0.8289849,-0.01009047,0.8289849,18.295532,18.295532,18.295532,0,2,0
0.656,0,-0.0057112165,-0.008209443,0.1488585,0,0.50375575,0.49624422,0.49624422,0,0,29.725979,-0.008131447,-0.0066742087,0.0075449627,1,0.8290241,-0.0026058503,0.8290241,18.295532,18.295532,18.295532,0,2,0
0.658,0,-0.0035835977,-0.008209443,0.1488585,0,0.50375545,0.49624455,0.49624455,0,0,29.72855,-0.0049400195,-0.0066742087,0.0075449627,1,-0.7416136,0.018255215,-0.7416136,18.295532,18.295532,18.295532,0,2,0
0.66,0,-0.0019878447,-0.0072882245,0.1488585,0,0.50375557,0.49624443,0.49624443,0,0,29.727621,-0.0049400195,-0.00827004,0.0043535354,1,-0.7416345,0.009919784,-0.7416345,18.295532,18.295532,18.295532,0,2,0
0.662,0,-0.0041154632,-0.0072882245,0.1488585,0,0.5037556,0.49624437,0.49624437,0,0,29.727196,-0.008131447,-0.00827004,0.0043535354,1,-0.7415984,0.0117072575,-0.7415984,18.295532,18.295532,18.295532,0,2,0
0.664,0,-0.004647407,-0.008209579,0.1488585,0,0.50375545,0.49624458,0.49624458,0,0,29.728634,-0.008131447,-0.00827004,0.0059493673,1,-0.7415272,0.018001864,-0.7415272,18.295532,18.295532,18.295532,0,2,0
0.666,0,-0.0025197887,-0.006366871,0.1488585,0,0.5037554,0.49624464,0.49624464,0,0,29.729094,-0.0049400195,-0.0066742087,0.0043535354,1,-0.7414566,0.021277178,-0.7414566,18.295532,18.295532,18.295532,0,2,0
0.668,0,-0.0035835195,-0.008209579,0.1488585,0,0.5037553,0.49624473,0.49624473,0,0,29.729834,-0.0065356153,-0.00827004,0.0059493673,1,-0.74144405,0.017356586,-0.74144405,18.295532,18.295532,18.295532,0,2,0
0.67,0,-0.0051792725,-0.005445653,0.1488585,0,0.5037554,0.4962446,0.4962446,0,0,29.729029,-0.008131447,-0.005078613,0.0043535354,1,-0.74146646,0.009649156,-0.74146646,18.295532,18.295532,18.295532,0,2,0
0.672,0,-0.0041153845,-0.005445653,0.1488585,0,0.50375545,0.49624458,0.49624458,0,0,29.728722,-0.0065356153,-0.005078613,0.0043535354,1,-0.7413696,0.019348439,-0.7413696,18.295532,18.295532,18.295532,0,2,0
0.674,0,-0.0062430818,-0.0054457895,0.1488585,0,0.50375503,0.49624497,0.49624497,0,0,29.73175,-0.008131447,-0.003483017,0.0059493673,1,-0.7413435,0.017000586,-0.7413435,18.295532,18.295532,18.295532,0,2,0
0.676,0,-0.00251971,-0.008209443,0.1488585,0,0.5037555,0.4962445,0.4962445,0,0,29.72801,-0.0065356153,-0.009865636,0.0043535354,1,0.8292849,-0.009632041,0.8292849,18.295532,18.295532,18.295532,0,2,0
0.678,0,-0.0046473285,-0.0063670073,0.1488585,0,0.50375533,0.49624464,0.49624464,0,0,29.729288,-0.0065356153,-0.005078613,0.0059493673,1,0.82912135,-0.028693067,0.82912135,18.295532,18.295532,18.295532,0,2,0
0.68,0,-0.0073068915,-0.00176051,0.1488585,0,0.50375533,0.49624467,0.49624467,0,0,29.729416,-0.008131447,0.0013042425,0.0043535354,1,0.8290323,-0.033350572,0.8290323,18.295532,18.295532,18.295532,0,2,0
0.682,0,-0.0051792725,-0.005445653,0.1488585,0,0.5037553,0.49624473,0.49624473,0,0,29.72998,-0.008131447,-0.005078613,0.0043535354,1,0.8289022,-0.041931953,0.8289022,18.295532,18.295532,18.295532,0,2,0
0.684,0,-0.005179194,-0.0072882245,0.1488585,0,0.5037555,0.49624452,0.49624452,0,0,29.728237,-0.0065356153,-0.005078613,0.0075449627,1,0.82878655,-0.04571255,0.82878655,18.295532,18.295532,18.295532,0,2,0
0.686,0,-0.0009240353,-0.009130797,0.1488585,0,0.50375557,0.49624446,0.49624446,0,0,29.72773,-0.0049400195,-0.011461468,0.0043535354,1,0.8287775,-0.034741737,0.8287775,18.295532,18.295532,18.295532,0,2,0
0.688,0,-0.0046473285,-0.008209443,0.1488585,0,0.50375515,0.49624485,0.49624485,0,0,29.730753,-0.0065356153,-0.0066742087,0.0075449627,1,0.8288897,-0.011196969,0.8288897,18.295532,18.295532,18.295532,0,2,0
0.69,0,-0.005179272,-0.005445653,0.1488585,0,0.5037551,0.4962449,0.4962449,0,0,29.731337,-0.0049400195,-0.0018871851,0.0075449627,1,0.8289103,-0.006527359,0.8289103,18.295532,18.295532,18.295532,0,2,0
0.692,0,-0.0062430818,-0.0054457895,0.1488585,0,0.50375515,0.49624485,0.49624485,0,0,29.730875,-0.008131447,-0.003483017,0.0059493673,1,0.8287891,-0.020846343,0.8287891,18.295532,18.295532,18.295532,0,2,0
0.694,0,-0.004647407,-0.006366871,0.1488585,0,0.5037553,0.49624476,0.49624476,0,0,29.730057,-0.008131447,-0.0066742087,0.0043535354,1,0.8286052,-0.038588233,0.8286052,18.295532,18.295532,18.295532,0,2,0
0.696,0,-0.0041154632,-0.0072882245,0.1488585,0,0.5037557,0.49624434,0.49624434,0,0,29.72681,-0.0049400195,-0.005078613,0.0075449627,1,0.8284885,-0.04383066,0.8284885,18.295532,18.295532,18.295532,0,2,0
0.698,0,-0.005179351,-0.007288225,0.1488585,0,0.5037552,0.49624476,0.49624476,0,0,29.73024,-0.008131447,-0.0066742087,0.0059493673,1,0.8285247,-0.027529659,0.8285247,18.295532,18.295532,18.295532,0,2,0
0.7,0,-0.0067750253,-0.008209579,0.1488585,0,0.5037552,0.49624482,0.49624482,0,0,29.73051,-0.008131447,-0.005078613,0.009140795,1,0.8285979,-0.011066438,0.8285979,18.295532,18.295532,18.295532,0,2,0
0.702,0,-0.007306812,-0.0054457895,0.1488585,0,0.5037554,0.49624458,0.49624458,0,0,29.728796,-0.0065356153,-0.00029158936,0.009140795,1,-0.74202484,0.013361788,-0.74202484,18.295532,18.295532,18.295532,0,2,0
0.704,0,-0.00464725,-0.0045244354,0.1488585,0,0.50375587,0.49624413,0.49624413,0,0,29.725159,-0.0065356153,-0.003483017,0.0043535354,1,0.8286792,-0.0028384167,0.8286792,18.295532,18.295532,18.295532,0,2,0
0.706,0,-0.0035835193,-0.006366871,0.1488585,0,0.5037558,0.49624422,0.49624422,0,0,29.725836,-0.0065356153,-0.0066742087,0.0043535354,1,0.82861793,-0.009204036,0.82861793,18.295532,18.295532,18.295532,0,2,0
0.708,0,-0.0041154632,-0.007288225,0.1488585,0,0.50375557,0.49624443,0.49624443,0,0,29.727484,-0.0065356153,-0.0066742087,0.0059493673,1,0.8286012,-0.008774757,0.8286012,18.295532,18.295532,18.295532,0,2,0
0.71,0,-0.0046473285,-0.0063670073,0.1488585,0,0.5037558,0.4962442,0.4962442,0,0,29.725563,-0.0065356153,-0.005078613,0.0059493673,1,0.8286109,-0.0050940933,0.8286109,18.295532,18.295532,18.295532,0,2,0
0.712,0,-0.0041153845,-0.005445653,0.1488585,0,0.50375587,0.49624413,0.49624413,0,0,29.725267,-0.0065356153,-0.005078613,0.0043535354,1,-0.7421451,0.0010909822,-0.7421451,18.295532,18.295532,18.295532,0,2,0
0.714,0,-0.004115542,-0.005445653,0.1488585,0,0.5037559,0.49624407,0.49624407,0,0,29.724802,-0.008131447,-0.0066742087,0.0027579395,1,-0.74210113,0.005631334,-0.74210113,18.295532,18.295532,18.295532,0,2,0
0.716,0,-0.0025197887,-0.006366871,0.1488585,0,0.5037554,0.49624458,0.49624458,0,0,29.728775,-0.0049400195,-0.0066742087,0.0043535354,1,-0.7419897,0.018729843,-0.7419897,18.295532,18.295532,18.295532,0,2,0
0.718,0,-0.0014559006,-0.006366871,0.1488585,0,0.5037554,0.49624458,0.49624458,0,0,29.728788,-0.0033441875,-0.0066742087,0.0043535354,1,-0.74185485,0.030640567,-0.74185485,18.295532,18.295532,18.295532,0,2,0
0.72,0,-0.0035835977,-0.0063670073,0.1488585,0,0.5037555,0.49624446,0.49624446,0,0,29.727839,-0.0049400195,-0.005078613,0.0059493673,1,-0.74182343,0.026903464,-0.74182343,18.295532,18.295532,18.295532,0,2,0
0.722,0,-0.0009240353,-0.005445653,0.1488585,0,0.50375545,0.49624455,0.49624455,0,0,29.728418,-0.0033441875,-0.0066742087,0.0027579395,1,-0.74176824,0.02703,-0.74176824,18.295532,18.295532,18.295532,0,2,0
0.724,0,-0.0025197887,-0.010052013,0.1488585,0,0.5037557,0.49624428,0.49624428,0,0,29.726473,-0.0049400195,-0.009865636,0.0075449627,1,-0.74186206,0.0070271892,-0.74186206,18.295532,18.295532,18.295532,0,2,0
0.726,0,-0.0025197887,-0.008209579,0.1488585,0,0.5037559,0.49624404,0.49624404,0,0,29.724516,-0.0017485917,-0.005078613,0.009140795,1,0.8287499,-0.019213822,0.8287499,18.295532,18.295532,18.295532,0,2,0
0.728,0,-0.004647407,-0.006366871,0.1488585,0,0.5037558,0.4962442,0.4962442,0,0,29.725584,-0.008131447,-0.0066742087,0.0043535354,1,0.82870245,-0.020262558,0.82870245,18.295532,18.295532,18.295532,0,2,0
0.73,0,-0.0019879234,-0.009130796,0.1488585,0,0.5037557,0.49624428,0.49624428,0,0,29.726372,-0.0049400195,-0.009865636,0.0059493673,1,0.8285927,-0.029202005,0.8285927,18.295532,18.295532,18.295532,0,2,0
0.732,0,-0.005179351,-0.007288225,0.1488585,0,0.5037558,0.49624416,0.49624416,0,0,29.725494,-0.008131447,-0.0066742087,0.0059493673,1,0.82870173,-0.0074779135,0.82870173,18.295532,18.295532,18.295532,0,2,0
0.734,0,0.0006715606,-0.008209579,0.1488585,0,0.5037557,0.49624434,0.49624434,0,0,29.72673,-0.0049400195,-0.013057064,0.0011623437,1,0.8287355,-0.0019361835,0.8287355,18.295532,18.295532,18.295532,0,2,0
0.736,0,-0.0035835195,-0.008209579,0.1488585,0,0.50375587,0.4962441,0.4962441,0,0,29.724974,-0.0065356153,-0.00827004,0.0059493673,1,0.8286024,-0.018489836,0.8286024,18.295532,18.295532,18.295532,0,2,0
0.738,0,-0.0046473285,-0.008209443,0.1488585,0,0.50375545,0.49624455,0.49624455,0,0,29.728422,-0.0065356153,-0.0066742087,0.0075449627,1,-0.74203783,0.005878794,-0.74203783,18.295532,18.295532,18.295532,0,2,0
0.74,0,-0.0041154632,-0.007288225,0.1488585,0,0.50375533,0.4962447,0.4962447,0,0,29.729658,-0.0065356153,-0.0066742087,0.0059493673,1,-0.7419057,0.020739172,-0.7419057,18.295532,18.295532,18.295532,0,2,0
0.742,0,-0.0046473285,-0.0063670073,0.1488585,0,0.5037553,0.49624473,0.49624473,0,0,29.729956,-0.0065356153,-0.005078613,0.0059493673,1,-0.7418599,0.021002645,-0.7418599,18.295532,18.295532,18.295532,0,2,0
0.744,0,-0.0035835193,-0.006366871,0.1488585,0,0.5037551,0.4962449,0.4962449,0,0,29.731361,-0.0065356153,-0.0066742087,0.0043535354,1,-0.74171585,0.03403361,-0.74171585,18.295532,18.295532,18.295532,0,2,0
0.746,0,-0.0009240353,-0.005445653,0.1488585,0,0.5037552,0.49624482,0.49624482,0,0,29.730501,-0.0033441875,-0.0066742087,0.0027579395,1,-0.74160826,0.038087197,-0.74160826,18.295532,18.295532,18.295532,0,2,0
0.748,0,-0.00251971,-0.008209443,0.1488585,0,0.50375515,0.49624485,0.49624485,0,0,29.730858,-0.0065356153,-0.009865636,0.0043535354,1,-0.7415221,0.039168704,-0.7415221,18.295532,18.295532,18.295532,0,2,0
0.75,0,-0.007838756,-0.0045244354,0.1488585,0,0.5037554,0.4962446,0.4962446,0,0,29.729061,-0.008131447,-0.00029158936,0.0075449627,1,-0.741399,0.044234507,-0.741399,18.295532,18.295532,18.295532,0,2,0
0.752,0,-0.005179194,-0.0072882245,0.1488585,0,0.5037554,0.4962446,0.4962446,0,0,29.728966,-0.0065356153,-0.005078613,0.0075449627,1,-0.74134225,0.039225724,-0.74134225,18.295532,18.295532,18.295532,0,2,0
0.754,0,-0.0035835193,-0.006366871,0.1488585,0,0.5037553,0.4962447,0.4962447,0,0,29.72971,-0.0065356153,-0.0066742087,0.0043535354,1,-0.7413123,0.03214608,-0.7413123,18.295532,18.295532,18.295532,0,2,0
0.756,0,-0.005179194,-0.0054457895,0.1488585,0,0.5037552,0.4962448,0.4962448,0,0,29.730478,-0.0065356153,-0.003483017,0.0059493673,1,-0.74129933,0.025420664,-0.74129933,18.295532,18.295532,18.295532,0,2,0
0.758,0,-0.0041154632,-0.0054457895,0.1488585,0,0.5037555,0.4962445,0.4962445,0,0,29.727974,-0.0049400195,-0.003483017,0.0059493673,1,-0.7412284,0.027427938,-0.7412284,18.295532,18.295532,18.295532,0,2,0
0.76,0,-0.00464725,-0.0045244354,0.1488585,0,0.5037554,0.49624464,0.49624464,0,0,29.729088,-0.0065356153,-0.003483017,0.0043535354,1,-0.74126196,0.015168242,-0.74126196,18.295532,18.295532,18.295532,0,2,0
0.762,0,-0.0019879234,-0.005445653,0.1488585,0,0.5037554,0.4962446,0.4962446,0,0,29.728874,-0.0049400195,-0.0066742087,0.0027579395,1,0.8292736,-0.022846112,0.8292736,18.295532,18.295532,18.295532,0,2,0
0.764,0,-0.005179194,-0.0054457895,0.1488585,0,0.5037554,0.4962446,0.4962446,0,0,29.728909,-0.0065356153,-0.003483017,0.0059493673,1,0.82915807,-0.031290617,0.82915807,18.295532,18.295532,18.295532,0,2,0
0.766,0,-0.003051654,-0.005445653,0.1488585,0,0.5037557,0.49624428,0.49624428,0,0,29.72639,-0.0049400195,-0.005078613,0.0043535354,1,0.8290144,-0.04238902,0.8290144,18.295532,18.295532,18.295532,0,2,0
0.768,0,-0.0041154632,-0.0072882245,0.1488585,0,0.50375587,0.4962441,0.4962441,0,0,29.725054,-0.0049400195,-0.005078613,0.0075449627,1,0.8289328,-0.04152816,0.8289328,18.295532,18.295532,18.295532,0,2,0
0.77,0,-0.005179194,-0.0054457895,0.1488585,0,0.50375545,0.49624455,0.49624455,0,0,29.728441,-0.0065356153,-0.003483017,0.0059493673,1,0.82894707,-0.029406449,0.82894707,18.295532,18.295532,18.295532,0,2,0
0.772,0,-0.0046473285,-0.008209443,0.1488585,0,0.5037558,0.4962442,0.4962442,0,0,29.725584,-0.0065356153,-0.0066742087,0.0075449627,1,0.82894754,-0.021649161,0.82894754,18.295532,18.295532,18.295532,0,2,0
0.774,0,-0.0041154632,-0.0054457895,0.1488585,0,0.50375557,0.49624443,0.49624443,0,0,29.727638,-0.0049400195,-0.003483017,0.0059493673,1,0.82894075,-0.016951296,0.82894075,18.295532,18.295532,18.295532,0,2,0
0.776,0,-0.006774947,-0.006367007,0.1488585,0,0.50375587,0.49624416,0.49624416,0,0,29.725399,-0.008131447,-0.003483017,0.0075449627,1,0.82885903,-0.02308981,0.82885903,18.295532,18.295532,18.295532,0,2,0
0.778,0,-0.0035835977,-0.0063670073,0.1488585,0,0.50375557,0.49624446,0.49624446,0,0,29.727709,-0.0049400195,-0.005078613,0.0059493673,1,0.8289093,-0.010831977,0.8289093,18.295532,18.295532,18.295532,0,2,0
0.78,0,-0.0035835977,-0.008209443,0.1488585,0,0.5037554,0.4962446,0.4962446,0,0,29.728983,-0.0049400195,-0.0066742087,0.0075449627,1,0.8288941,-0.010992738,0.8288941,18.295532,18.295532,18.295532,0,2,0
0.782,0,-0.0030517327,-0.0072882245,0.1488585,0,0.5037554,0.49624464,0.49624464,0,0,29.729168,-0.008131447,-0.009865636,0.0027579395,1,0.82891107,-0.005729331,0.82891107,18.295532,18.295532,18.295532,0,2,0
0.784,0,-0.004647407,-0.006366871,0.1488585,0,0.50375533,0.49624467,0.49624467,0,0,29.729448,-0.008131447,-0.0066742087,0.0043535354,1,-0.741738,0.014560739,-0.741738,18.295532,18.295532,18.295532,0,2,0
0.786,0,-0.0041154632,-0.0072882245,0.1488585,0,0.5037555,0.4962445,0.4962445,0,0,29.728128,-0.0049400195,-0.005078613,0.0075449627,1,-0.7416397,0.023168586,-0.7416397,18.295532,18.295532,18.295532,0,2,0
0.788,0,-0.006774868,-0.0045244354,0.1488585,0,0.5037551,0.4962449,0.4962449,0,0,29.731329,-0.009727043,-0.003483017,0.0043535354,1,-0.7415728,0.025484495,-0.7415728,18.295532,18.295532,18.295532,0,2,0
0.79,0,-0.0062430818,-0.0054457895,0.1488585,0,0.5037552,0.49624476,0.49624476,0,0,29.730223,-0.008131447,-0.003483017,0.0059493673,1,-0.74158585,0.016345708,-0.74158585,18.295532,18.295532,18.295532,0,2,0
0.792,0,-0.00464725,-0.0045244354,0.1488585,0,0.50375533,0.4962447,0.4962447,0,0,29.72959,-0.0065356153,-0.003483017,0.0043535354,1,-0.74164873,0.0036707278,-0.74164873,18.295532,18.295532,18.295532,0,2,0
0.794,0,-0.0062430818,-0.0054457895,0.1488585,0,0.5037556,0.49624437,0.49624437,0,0,29.727137,-0.008131447,-0.003483017,0.0059493673,1,0.82904875,-0.0102633685,0.82904875,18.295532,18.295532,18.295532,0,2,0
0.796,0,-0.0025197887,-0.0045244354,0.1488585,0,0.5037555,0.49624452,0.49624452,0,0,29.72818,-0.0049400195,-0.005078613,0.0027579395,1,0.8290064,-0.013374391,0.8290064,18.295532,18.295532,18.295532,0,2,0
0.798,0,-0.007838678,-0.006367007,0.1488585,0,0.5037554,0.49624464,0.49624464,0,0,29.729137,-0.009727043,-0.003483017,0.0075449627,1,-0.7416947,0.002417929,-0.7416947,18.295532,18.295532,18.295532,0,2,0
0.8,0,-0.005179194,-0.0054457895,0.1488585,0,0.50375515,0.49624485,0.49624485,0,0,29.730797,-0.0065356153,-0.003483017,0.0059493673,1,0.82905346,-0.0053651896,0.82905346,18.295532,18.295532,18.295532,0,2,0
0.802,0,-0.0035835195,-0.008209579,0.1488585,0,0.5037552,0.4962448,0.4962448,0,0,29.730446,-0.0065356153,-0.00827004,0.0059493673,1,0.828941,-0.018358422,0.828941,18.295532,18.295532,18.295532,0,2,0
0.804,0,-0.0019879234,-0.005445653,0.1488585,0,0.50375533,0.49624464,0.49624464,0,0,29.729313,-0.0049400195,-0.0066742087,0.0027579395,1,0.8289696,-0.010175618,0.8289696,18.295532,18.295532,18.295532,0,2,0
0.806,0,-0.003051654,-0.005445653,0.1488585,0,0.5037553,0.49624473,0.49624473,0,0,29.729935,-0.0049400195,-0.005078613,0.0043535354,1,0.8289168,-0.014588233,0.8289168,18.295532,18.295532,18.295532,0,2,0
0.808,0,-0.00464725,-0.0045244354,0.1488585,0,0.50375503,0.49624494,0.49624494,0,0,29.731674,-0.0065356153,-0.003483017,0.0043535354,1,0.82884824,-0.020534936,0.82884824,18.295532,18.295532,18.295532,0,2,0
0.81,0,-0.005711059,-0.006367007,0.1488585,0,0.5037551,0.49624488,0.49624488,0,0,29.731201,-0.0065356153,-0.003483017,0.0075449627,1,0.8288637,-0.013469232,0.8288637,18.295532,18.295532,18.295532,0,2,0
0.812,0,-0.005179194,-0.0054457895,0.1488585,0,0.50375533,0.49624467,0.49624467,0,0,29.729528,-0.0065356153,-0.003483017,0.0059493673,1,0.82890904,-0.0043180976,0.82890904,18.295532,18.295532,18.295532,0,2,0
0.814,0,-0.001987766,-0.005445653,0.1488585,0,0.5037554,0.49624458,0.49624458,0,0,29.728773,-0.0033441875,-0.005078613,0.0043535354,1,0.8289292,-0.00079442427,0.8289292,18.295532,18.295532,18.295532,0,2,0
0.816,0,-0.0035835193,-0.006366871,0.1488585,0,0.50375533,0.49624464,0.49624464,0,0,29.729223,-0.0065356153,-0.0066742087,0.0043535354,1,0.82890433,-0.004326229,0.82890433,18.295532,18.295532,18.295532,0,2,0
0.818,0,-0.0035835193,-0.006366871,0.1488585,0,0.5037554,0.49624464,0.49624464,0,0,29.729092,-0.0065356153,-0.0066742087,0.0043535354,1,0.8289171,-0.0020918436,0.8289171,18.295532,18.295532,18.295532,0,2,0
0.82,0,-0.0062430813,-0.0072882245,0.1488585,0,0.5037556,0.49624437,0.49624437,0,0,29.727179,-0.008131447,-0.005078613,0.0075449627,1,0.8288796,-0.006336421,0.8288796,18.295532,18.295532,18.295532,0,2,0
0.822,0,-0.00464725,-0.0045244354,0.1488585,0,0.5037555,0.4962445,0.4962445,0,0,29.728058,-0.0065356153,-0.003483017,0.0043535354,1,0.82876295,-0.020484,0.82876295,18.295532,18.295532,18.295532,0,2,0
0.824,0,-0.0014559794,-0.006367007,0.1488585,0,0.50375575,0.49624428,0.49624428,0,0,29.726286,-0.0065356153,-0.009865636,0.0011623437,1,0.8285723,-0.03970636,0.8285723,18.295532,18.295532,18.295532,0,2,0
0.826,0,-0.00464725,-0.0045244354,0.1488585,0,0.5037552,0.49624482,0.49624482,0,0,29.730566,-0.0065356153,-0.003483017,0.0043535354,1,0.8284715,-0.042166524,0.8284715,18.295532,18.295532,18.295532,0,2,0
0.828,0,-0.0014559794,-0.006367007,0.1488585,0,0.5037552,0.49624476,0.49624476,0,0,29.73018,-0.0049400195,-0.00827004,0.0027579395,1,0.828359,-0.04598221,0.828359,18.295532,18.295532,18.295532,0,2,0
0.83,0,-0.0051792725,-0.005445653,0.1488585,0,0.5037554,0.4962446,0.4962446,0,0,29.728905,-0.008131447,-0.005078613,0.0043535354,1,0.82836264,-0.033885557,0.82836264,18.295532,18.295532,18.295532,0,2,0
0.832,0,-0.0046473285,-0.008209443,0.1488585,0,0.5037561,0.4962439,0.4962439,0,0,29.723217,-0.0065356153,-0.0066742087,0.0075449627,1,0.8284403,-0.014964574,0.8284403,18.295532,18.295532,18.295532,0,2,0
0.834,0,-0.003051654,-0.005445653,0.1488585,0,0.5037556,0.49624434,0.49624434,0,0,29.726912,-0.0065356153,-0.0066742087,0.0027579395,1,0.8285221,-0.0014431227,0.8285221,18.295532,18.295532,18.295532,0,2,0
0.836,0,-0.006774868,-0.0045244354,0.1488585,0,0.50375557,0.49624446,0.49624446,0,0,29.72769,-0.0065356153,-0.00029158936,0.0075449627,1,-0.74223435,0.0038283914,-0.74223435,18.295532,18.295532,18.295532,0,2,0
0.838,0,-0.0041153845,-0.005445653,0.1488585,0,0.5037555,0.49624452,0.49624452,0,0,29.728195,-0.0065356153,-0.005078613,0.0043535354,1,0.82843494,-0.013807953,0.82843494,18.295532,18.295532,18.295532,0,2,0
0.84,0,-0.006243161,-0.009130797,0.1488585,0,0.5037551,0.4962449,0.4962449,0,0,29.731247,-0.008131447,-0.0066742087,0.009140795,1,0.82836574,-0.018986875,0.82836574,18.295532,18.295532,18.295532,0,2,0
0.842,0,-0.0062430813,-0.0072882245,0.1488585,0,0.50375503,0.496245,0.496245,0,0,29.73193,-0.008131447,-0.005078613,0.0075449627,1,0.8283893,-0.011788368,0.8283893,18.295532,18.295532,18.295532,0,2,0
0.844,0,-0.0062430818,-0.0054457895,0.1488585,0,0.5037555,0.49624446,0.49624446,0,0,29.727865,-0.008131447,-0.003483017,0.0059493673,1,-0.74233997,0.00020961475,-0.74233997,18.295532,18.295532,18.295532,0,2,0
0.846,0,-0.0041153845,-0.005445653,0.1488585,0,0.5037555,0.4962445,0.4962445,0,0,29.727959,-0.0065356153,-0.005078613,0.0043535354,1,-0.74216557,0.022339752,-0.74216557,18.295532,18.295532,18.295532,0,2,0
0.848,0,-0.005179194,-0.0072882245,0.1488585,0,0.50375533,0.49624464,0.49624464,0,0,29.729218,-0.0065356153,-0.005078613,0.0075449627,1,-0.7420524,0.030513663,-0.7420524,18.295532,18.295532,18.295532,0,2,0
0.85,0,-0.0025197887,-0.010052013,0.1488585,0,0.5037551,0.4962449,0.4962449,0,0,29.731441,-0.0049400195,-0.009865636,0.0075449627,1,-0.74202645,0.025852172,-0.74202645,18.295532,18.295532,18.295532,0,2,0
0.852,0,-0.0057112165,-0.0063670073,0.1488585,0,0.50375545,0.49624452,0.49624452,0,0,29.728355,-0.008131447,-0.005078613,0.0059493673,1,-0.7421122,0.007546246,-0.7421122,18.295532,18.295532,18.295532,0,2,0
0.854,0,-0.005711138,-0.0045244354,0.1488585,0,0.50375533,0.49624464,0.49624464,0,0,29.729286,-0.0065356153,-0.0018871851,0.0059493673,1,0.8285868,-0.007506692,0.8285868,18.295532,18.295532,18.295532,0,2,0
0.856,0,-0.0041154632,-0.0036030815,0.1488585,0,0.50375515,0.49624488,0.49624488,0,0,29.73102,-0.0049400195,-0.0018871851,0.0043535354,1,0.8285347,-0.0122642815,0.8285347,18.295532,18.295532,18.295532,0,2,0
0.858,0,-0.0057112165,-0.008209443,0.1488585,0,0.50375533,0.49624464,0.49624464,0,0,29.729223,-0.008131447,-0.0066742087,0.0075449627,1,-0.74218583,0.00038457382,-0.74218583,18.295532,18.295532,18.295532,0,2,0
0.86,0,-0.0046473285,-0.008209443,0.1488585,0,0.5037553,0.49624473,0.49624473,0,0,29.729809,-0.0065356153,-0.0066742087,0.0075449627,1,-0.74207705,0.0137271965,-0.74207705,18.295532,18.295532,18.295532,0,2,0
0.862,0,-0.005179194,-0.0054457895,0.1488585,0,0.5037554,0.49624458,0.49624458,0,0,29.728811,-0.0065356153,-0.003483017,0.0059493673,1,-0.74195886,0.025189176,-0.74195886,18.295532,18.295532,18.295532,0,2,0
0.864,0,-0.0041154632,-0.007288225,0.1488585,0,0.5037554,0.4962446,0.4962446,0,0,29.728865,-0.0065356153,-0.0066742087,0.0059493673,1,-0.74190617,0.024869148,-0.74190617,18.295532,18.295532,18.295532,0,2,0
0.866,0,-0.0051792725,-0.005445653,0.1488585,0,0.50375557,0.49624443,0.49624443,0,0,29.727621,-0.008131447,-0.005078613,0.0043535354,1,-0.74190634,0.018528784,-0.74190634,18.295532,18.295532,18.295532,0,2,0
0.868,0,-0.006774868,-0.0045244354,0.1488585,0,0.5037552,0.4962448,0.4962448,0,0,29.730402,-0.009727043,-0.003483017,0.0043535354,1,0.8287616,-0.002892358,0.8287616,18.295532,18.295532,18.295532,0,2,0
0.87,0,-0.00251971,-0.0063670073,0.1488585,0,0.5037554,0.49624464,0.49624464,0,0,29.729187,-0.0033441875,-0.005078613,0.0059493673,1,0.82874966,-0.0037105219,0.82874966,18.295532,18.295532,18.295532,0,2,0
0.872,0,-0.0019878447,-0.0072882245,0.1488585,0,0.50375557,0.49624443,0.49624443,0,0,29.727627,-0.0065356153,-0.009865636,0.0027579395,1,-0.7420034,0.002588903,-0.7420034,18.295532,18.295532,18.295532,0,2,0
0.874,0,-0.0073068906,-0.003603218,0.1488585,0,0.5037556,0.49624437,0.49624437,0,0,29.727121,-0.008131447,-0.00029158936,0.0059493673,1,0.8287488,-0.0048414385,0.8287488,18.295532,18.295532,18.295532,0,2,0
0.876,0,-0.0025197887,-0.006366871,0.1488585,0,0.50375575,0.49624428,0.49624428,0,0,29.726301,-0.0049400195,-0.0066742087,0.0043535354,1,0.8286728,-0.013782978,0.8286728,18.295532,18.295532,18.295532,0,2,0
0.878,0,-0.0051792725,-0.005445653,0.1488585,0,0.5037555,0.4962445,0.4962445,0,0,29.728065,-0.008131447,-0.005078613,0.0043535354,1,0.828631,-0.016117519,0.828631,18.295532,18.295532,18.295532,0,2,0
0.88,0,-0.006774947,-0.006367007,0.1488585,0,0.5037554,0.49624458,0.49624458,0,0,29.7288,-0.008131447,-0.003483017,0.0075449627,1,0.82863724,-0.010702393,0.82863724,18.295532,18.295532,18.295532,0,2,0
0.882,0,-0.0035835977,-0.008209443,0.1488585,0,0.50375545,0.49624458,0.49624458,0,0,29.728674,-0.0049400195,-0.0066742087,0.0075449627,1,-0.7419982,0.012652512,-0.7419982,18.295532,18.295532,18.295532,0,2,0
0.884,0,-0.0046473285,-0.0063670073,0.1488585,0,0.5037554,0.49624464,0.49624464,0,0,29.729105,-0.0065356153,-0.005078613,0.0059493673,1,-0.7419411,0.016030846,-0.7419411,18.295532,18.295532,18.295532,0,2,0
0.886,0,-0.0062430818,-0.0054457895,0.1488585,0,0.50375533,0.49624464,0.49624464,0,0,29.729286,-0.008131447,-0.003483017,0.0059493673,1,-0.7418933,0.017768782,-0.7418933,18.295532,18.295532,18.295532,0,2,0
0.888,0,-0.003583598,-0.008209443,0.1488585,0,0.5037552,0.4962448,0.4962448,0,0,29.730415,-0.008131447,-0.009865636,0.0043535354,1,-0.74186087,0.016926508,-0.74186087,18.295532,18.295532,18.295532,0,2,0
0.89,0,-0.0051792725,-0.003603218,0.1488585,0,0.503755,0.49624503,0.49624503,0,0,29.73225,-0.008131447,-0.003483017,0.0027579395,1,-0.7418571,0.012922992,-0.7418571,18.295532,18.295532,18.295532,0,2,0
0.892,0,-0.005179194,-0.0054457895,0.1488585,0,0.5037552,0.4962448,0.4962448,0,0,29.730343,-0.0065356153,-0.003483017,0.0059493673,1,0.82884455,-0.0033363272,0.82884455,18.295532,18.295532,18.295532,0,2,0
0.894,0,-0.005179194,-0.0072882245,0.1488585,0,0.50375575,0.49624428,0.49624428,0,0,29.726269,-0.0065356153,-0.005078613,0.0075449627,1,0.82879055,-0.009174887,0.82879055,18.295532,18.295532,18.295532,0,2,0
0.896,0,-0.0035835193,-0.006366871,0.1488585,0,0.5037555,0.49624446,0.49624446,0,0,29.727798,-0.0065356153,-0.0066742087,0.0043535354,1,0.828757,-0.011463099,0.828757,18.295532,18.295532,18.295532,0,2,0
0.898,0,-0.0035835193,-0.0045244354,0.1488585,0,0.5037552,0.4962448,0.4962448,0,0,29.7305,-0.0065356153,-0.005078613,0.0027579395,1,0.82877934,-0.0063108504,0.82877934,18.295532,18.295532,18.295532,0,2,0
0.9,0,-0.004647407,-0.006366871,0.1488585,0,0.5037552,0.49624476,0.49624476,0,0,29.730219,-0.008131447,-0.0066742087,0.0043535354,1,0.828624,-0.024623137,0.828624,18.295532,18.295532,18.295532,0,2,0
0.902,0,-0.0035835977,-0.008209443,0.1488585,0,0.50375557,0.4962444,0.4962444,0,0,29.727362,-0.0049400195,-0.0066742087,0.0075449627,1,0.82868373,-0.01062437,0.82868373,18.295532,18.295532,18.295532,0,2,0
0.904,0,-0.008902408,-0.006367007,0.1488585,0,0.5037555,0.49624452,0.49624452,0,0,29.72821,-0.011322639,-0.003483017,0.0075449627,1,0.82873064,-0.0021680174,0.82873064,18.295532,18.295532,18.295532,0,2,0
0.906,0,-0.0051792725,-0.005445653,0.1488585,0,0.50375533,0.49624467,0.49624467,0,0,29.729494,-0.008131447,-0.005078613,0.0043535354,1,0.82868564,-0.008096455,0.82868564,18.295532,18.295532,18.295532,0,2,0
0.908,0,-0.005179351,-0.007288225,0.1488585,0,0.5037552,0.4962448,0.4962448,0,0,29.730461,-0.008131447,-0.0066742087,0.0059493673,1,0.82848895,-0.031642478,0.82848895,18.295532,18.295532,18.295532,0,2,0
0.91,0,-0.003051654,-0.003603218,0.1488585,0,0.5037549,0.49624506,0.49624506,0,0,29.732563,-0.0049400195,-0.003483017,0.0027579395,1,0.82831913,-0.045690488,0.82831913,18.295532,18.295532,18.295532,0,2,0
0.912,0,-0.0041153845,-0.005445653,0.1488585,0,0.503755,0.496245,0.496245,0,0,29.732033,-0.0065356153,-0.005078613,0.0043535354,1,0.82821316,-0.047318123,0.82821316,18.295532,18.295532,18.295532,0,2,0
0.914,0,-0.005711138,-0.0045244354,0.1488585,0,0.5037553,0.49624473,0.49624473,0,0,29.729881,-0.0065356153,-0.0018871851,0.0059493673,1,0.8282981,-0.023375299,0.8282981,18.295532,18.295532,18.295532,0,2,0
0.916,0,-0.0067750253,-0.008209579,0.1488585,0,0.5037555,0.4962445,0.4962445,0,0,29.728075,-0.008131447,-0.005078613,0.009140795,1,0.82838565,-0.0063546,0.82838565,18.295532,18.295532,18.295532,0,2,0
0.918,0,-0.0062430813,-0.0072882245,0.1488585,0,0.5037553,0.4962447,0.4962447,0,0,29.72978,-0.008131447,-0.005078613,0.0075449627,1,-0.74235797,0.0014454265,-0.74235797,18.295532,18.295532,18.295532,0,2,0
0.92,0,-0.0014559006,-0.0026820002,0.1488585,0,0.5037552,0.4962448,0.4962448,0,0,29.730453,-0.0033441875,-0.003483017,0.0011623437,1,-0.7423293,0.0039711567,-0.7423293,18.295532,18.295532,18.295532,0,2,0
0.922,0,-0.005179194,-0.0072882245,0.1488585,0,0.50375533,0.4962447,0.4962447,0,0,29.729574,-0.009727043,-0.00827004,0.0043535354,1,0.8283834,-0.008436941,0.8283834,18.295532,18.295532,18.295532,0,2,0
0.924,0,-0.0025196313,-0.0045244354,0.1488585,0,0.50375533,0.49624467,0.49624467,0,0,29.729523,-0.0033441875,-0.003483017,0.0043535354,1,0.82836413,-0.008744658,0.82836413,18.295532,18.295532,18.295532,0,2,0
0.926,0,-0.0035835193,-0.0045244354,0.1488585,0,0.5037558,0.4962442,0.4962442,0,0,29.725767,-0.0065356153,-0.005078613,0.0027579395,1,0.8283214,-0.01251257,0.8283214,18.295532,18.295532,18.295532,0,2,0
0.928,0,-0.005179194,-0.0072882245,0.1488585,0,0.5037554,0.49624464,0.49624464,0,0,29.729113,-0.0065356153,-0.005078613,0.0075449627,1,0.82823634,-0.02034935,0.82823634,18.295532,18.295532,18.295532,0,2,0
0.93,0,-0.0035835193,-0.0045244354,0.1488585,0,0.50375557,0.49624443,0.49624443,0,0,29.727541,-0.0049400195,-0.003483017,0.0043535354,1,0.8282844,-0.0095969895,0.8282844,18.295532,18.295532,18.295532,0,2,0
0.932,0,-0.0041153845,-0.005445653,0.1488585,0,0.5037557,0.4962443,0.4962443,0,0,29.726515,-0.0065356153,-0.005078613,0.0043535354,1,0.8282226,-0.015914643,0.8282226,18.295532,18.295532,18.295532,0,2,0
0.934,0,-0.0051792725,-0.005445653,0.1488585,0,0.5037557,0.49624434,0.49624434,0,0,29.726725,-0.008131447,-0.005078613,0.0043535354,1,0.82830083,-0.0018396913,0.82830083,18.295532,18.295532,18.295532,0,2,0
0.936,0,0.0012035833,-0.009130797,0.1488585,0,0.5037557,0.4962443,0.4962443,0,0,29.726713,-0.0017485917,-0.011461468,0.0043535354,1,-0.7424472,0.0050382707,-0.7424472,18.295532,18.295532,18.295532,0,2,0
0.938,0,-0.005711138,-0.0045244354,0.1488585,0,0.50375533,0.49624464,0.49624464,0,0,29.729225,-0.008131447,-0.003483017,0.0043535354,1,-0.74241954,0.0060957465,-0.74241954,18.295532,18.295532,18.295532,0,2,0
0.94,0,-0.0041154632,-0.0054457895,0.1488585,0,0.50375533,0.49624464,0.49624464,0,0,29.72929,-0.0049400195,-0.003483017,0.0059493673,1,-0.74238837,0.008635436,-0.74238837,18.295532,18.295532,18.295532,0,2,0
0.942,0,-0.005711138,-0.0045244354,0.1488585,0,0.5037552,0.49624476,0.49624476,0,0,29.73021,-0.008131447,-0.003483017,0.0043535354,1,-0.74237645,0.00855319,-0.74237645,18.295532,18.295532,18.295532,0,2,0
0.944,0,-0.0030517324,-0.007288225,0.1488585,0,0.50375515,0.49624488,0.49624488,0,0,29.731089,-0.0049400195,-0.0066742087,0.0059493673,1,-0.742278,0.018299712,-0.742278,18.295532,18.295532,18.295532,0,2,0
0.946,0,-0.0046473285,-0.008209443,0.1488585,0,0.50375515,0.49624485,0.49624485,0,0,29.730906,-0.0065356153,-0.0066742087,0.0075449627,1,-0.74218696,0.025596518,-0.74218696,18.295532,18.295532,18.295532,0,2,0
0.948,0,-0.0035835193,-0.006366871,0.1488585,0,0.5037554,0.4962446,0.4962446,0,0,29.728945,-0.0065356153,-0.0066742087,0.0043535354,1,-0.742308,0.0028552776,-0.742308,18.295532,18.295532,18.295532,0,2,0
0.95,0,-0.0035835195,-0.008209579,0.1488585,0,0.5037555,0.4962445,0.4962445,0,0,29.728031,-0.0065356153,-0.00827004,0.0059493673,1,-0.742329,0.00000093108974,-0.742329,18.295532,18.295532,18.295532,0,2,0
0.952,0,-0.005179351,-0.007288225,0.1488585,0,0.50375587,0.49624416,0.49624416,0,0,29.725395,-0.008131447,-0.0066742087,0.0059493673,1,-0.7423259,0.0001910167,-0.7423259,18.295532,18.295532,18.295532,0,2,0
0.954,0,-0.0062430818,-0.0054457895,0.1488585,0,0.5037555,0.4962445,0.4962445,0,0,29.727982,-0.008131447,-0.003483017,0.0059493673,1,-0.7422432,0.010978335,-0.7422432,18.295532,18.295532,18.295532,0,2,0
0.956,0,-0.0019878447,-0.007288225,0.1488585,0,0.5037556,0.49624434,0.49624434,0,0,29.726883,-0.0033441875,-0.0066742087,0.0059493673,1,-0.7421661,0.017196145,-0.7421661,18.295532,18.295532,18.295532,0,2,0
0.958,0,-0.0041153845,-0.007288361,0.1488585,0,0.50375557,0.49624443,0.49624443,0,0,29.727594,-0.0033441875,-0.003483017,0.009140795,1,-0.7420347,0.029866768,-0.7420347,18.295532,18.295532,18.295532,0,2,0
0.96,0,-0.0035835977,-0.0063670073,0.1488585,0,0.50375545,0.49624455,0.49624455,0,0,29.72852,-0.0049400195,-0.005078613,0.0059493673,1,-0.74190444,0.038203396,-0.74190444,18.295532,18.295532,18.295532,0,2,0
0.962,0,-0.0019878447,-0.0072882245,0.1488585,0,0.5037552,0.49624482,0.49624482,0,0,29.730612,-0.0049400195,-0.00827004,0.0043535354,1,-0.74187344,0.031263173,-0.74187344,18.295532,18.295532,18.295532,0,2,0
0.964,0,-0.003051654,-0.003603218,0.1488585,0,0.50375557,0.49624446,0.49624446,0,0,29.727774,-0.0049400195,-0.003483017,0.0027579395,1,-0.7420207,0.003995491,-0.7420207,18.295532,18.295532,18.295532,0,2,0
0.966,0,-0.0046473285,-0.008209443,0.1488585,0,0.50375557,0.4962444,0.4962444,0,0,29.72738,-0.0065356153,-0.0066742087,0.0075449627,1,0.8286654,-0.011049991,0.8286654,18.295532,18.295532,18.295532,0,2,0
0.968,0,-0.005711059,-0.002681864,0.1488585,0,0.5037554,0.49624458,0.49624458,0,0,29.728806,-0.0065356153,-0.00029158936,0.0043535354,1,0.82854056,-0.024166575,0.82854056,18.295532,18.295532,18.295532,0,2,0
0.97,0,-0.003051654,-0.005445653,0.1488585,0,0.50375575,0.49624425,0.49624425,0,0,29.726238,-0.0065356153,-0.0066742087,0.0027579395,1,0.82854486,-0.017989317,0.82854486,18.295532,18.295532,18.295532,0,2,0
0.972,0,-0.0030517324,-0.007288225,0.1488585,0,0.50375557,0.4962444,0.4962444,0,0,29.727362,-0.0049400195,-0.0066742087,0.0059493673,1,0.8284576,-0.024112834,0.8284576,18.295532,18.295532,18.295532,0,2,0
0.974,0,-0.006243003,-0.005445653,0.1488585,0,0.50375533,0.49624464,0.49624464,0,0,29.729284,-0.0065356153,-0.0018871851,0.0075449627,1,0.82852465,-0.010075699,0.82852465,18.295532,18.295532,18.295532,0,2,0
0.976,0,-0.005711138,-0.0045244354,0.1488585,0,0.50375575,0.49624422,0.49624422,0,0,29.725973,-0.008131447,-0.003483017,0.0043535354,1,0.828508,-0.009460109,0.828508,18.295532,18.295532,18.295532,0,2,0
0.978,0,-0.0057112165,-0.008209443,0.1488585,0,0.5037552,0.49624476,0.49624476,0,0,29.730207,-0.008131447,-0.0066742087,0.0075449627,1,0.82855976,-0.00048451358,0.82855976,18.295532,18.295532,18.295532,0,2,0
0.98,0,-0.003051654,-0.005445653,0.1488585,0,0.5037552,0.4962448,0.4962448,0,0,29.730438,-0.0049400195,-0.005078613,0.0043535354,1,-0.74218327,0.006332182,-0.74218327,18.295532,18.295532,18.295532,0,2,0
0.982,0,-0.0025197887,-0.006366871,0.1488585,0,0.50375533,0.49624464,0.49624464,0,0,29.729311,-0.0049400195,-0.0066742087,0.0043535354,1,-0.74205625,0.021042762,-0.74205625,18.295532,18.295532,18.295532,0,2,0
0.984,0,-0.0051792725,-0.005445653,0.1488585,0,0.5037554,0.4962446,0.4962446,0,0,29.728918,-0.008131447,-0.005078613,0.0043535354,1,-0.74194634,0.029009588,-0.74194634,18.295532,18.295532,18.295532,0,2,0
0.986,0,-0.0046473285,-0.0063670073,0.1488585,0,0.5037552,0.49624476,0.49624476,0,0,29.73022,-0.0065356153,-0.005078613,0.0059493673,1,-0.7419714,0.018238708,-0.7419714,18.295532,18.295532,18.295532,0,2,0
0.988,0,-0.0041153845,-0.005445653,0.1488585,0,0.5037551,0.4962449,0.4962449,0,0,29.731388,-0.0065356153,-0.005078613,0.0043535354,1,-0.7420015,0.009888634,-0.7420015,18.295532,18.295532,18.295532,0,2,0
0.99,0,-0.0062430818,-0.0054457895,0.1488585,0,0.5037551,0.4962449,0.4962449,0,0,29.731386,-0.008131447,-0.003483017,0.0059493673,1,-0.742015,0.004512784,-0.742015,18.295532,18.295532,18.295532,0,2,0
0.992,0,-0.0041153845,-0.009130796,0.1488585,0,0.5037552,0.4962448,0.4962448,0,0,29.730434,-0.0065356153,-0.00827004,0.0075449627,1,0.8287094,-0.005873972,0.8287094,18.295532,18.295532,18.295532,0,2,0
0.994,0,-0.0057112165,-0.008209443,0.1488585,0,0.5037552,0.49624476,0.49624476,0,0,29.73024,-0.008131447,-0.0066742087,0.0075449627,1,-0.74201417,0.004480837,-0.74201417,18.295532,18.295532,18.295532,0,2,0
0.996,0,-0.003051654,-0.003603218,0.1488585,0,0.5037552,0.49624476,0.49624476,0,0,29.730175,-0.0049400195,-0.003483017,0.0027579395,1,0.82874715,-0.001908463,0.82874715,18.295532,18.295532,18.295532,0,2,0
0.998,0,-0.0041153845,-0.003603218,0.1488585,0,0.5037554,0.4962446,0.4962446,0,0,29.729052,-0.0065356153,-0.003483017,0.0027579395,1,0.82843983,-0.040656786,0.82843983,18.295532,18.295532,18.295532,0,2,0
1,0,-0.006774947,-0.008209443,0.1488585,0,0.50375557,0.49624443,0.49624443,0,0,29.727522,-0.009727043,-0.0066742087,0.0075449627,1,0.8282714,-0.05115558,0.8282714,18.295532,18.295532,18.295532,0,2,0
1.002,0,-0.005711059,-0.006367007,0.1488585,0,0.5037556,0.49624437,0.49624437,0,0,29.727114,-0.0065356153,-0.003483017,0.0075449627,1,0.82816356,-0.05170722,0.82816356,18.295532,18.295532,18.295532,0,2,0
1.004,0,-0.003051654,-0.005445653,0.1488585,0,0.5037552,0.4962448,0.4962448,0,0,29.73035,-0.0049400195,-0.005078613,0.0043535354,1,0.82829034,-0.023167644,0.82829034,18.295532,18.295532,18.295532,0,2,0
1.006,0,-0.0025197887,-0.006366871,0.1488585,0,0.5037554,0.4962446,0.4962446,0,0,29.728922,-0.0049400195,-0.0066742087,0.0043535354,1,0.8283951,-0.004212538,0.8283951,18.295532,18.295532,18.295532,0,2,0
1.008,0,-0.00251971,-0.0063670073,0.1488585,0,0.5037552,0.49624482,0.49624482,0,0,29.730518,-0.0033441875,-0.005078613,0.0059493673,1,-0.74234736,0.0039764876,-0.74234736,18.295532,18.295532,18.295532,0,2,0
1.01,0,-0.0057112165,-0.0063670073,0.1488585,0,0.50375515,0.49624488,0.49624488,0,0,29.730988,-0.008131447,-0.005078613,0.0059493673,1,-0.7423018,0.008960507,-0.7423018,18.295532,18.295532,18.295532,0,2,0
1.012,0,-0.0046473285,-0.008209443,0.1488585,0,0.50375533,0.49624464,0.49624464,0,0,29.729246,-0.0065356153,-0.0066742087,0.0075449627,1,-0.7422156,0.018154887,-0.7422156,18.295532,18.295532,18.295532,0,2,0
1.014,0,-0.0046473285,-0.008209443,0.1488585,0,0.5037551,0.49624488,0.49624488,0,0,29.731174,-0.0065356153,-0.0066742087,0.0075449627,1,-0.74217063,0.019350713,-0.74217063,18.295532,18.295532,18.295532,0,2,0
1.016,0,-0.0062430813,-0.0072882245,0.1488585,0,0.50375533,0.49624464,0.49624464,0,0,29.729221,-0.008131447,-0.005078613,0.0075449627,1,-0.742154,0.016187843,-0.742154,18.295532,18.295532,18.295532,0,2,0
1.018,0,-0.0051792725,-0.009130796,0.1488585,0,0.50375503,0.49624497,0.49624497,0,0,29.731794,-0.008131447,-0.00827004,0.0075449627,1,-0.74220705,0.005140314,-0.74220705,18.295532,18.295532,18.295532,0,2,0
1.02,0,-0.0041154632,-0.007288225,0.1488585,0,0.50375515,0.49624488,0.49624488,0,0,29.731009,-0.0065356153,-0.0066742087,0.0059493673,1,-0.7421391,0.012211227,-0.7421391,18.295532,18.295532,18.295532,0,2,0
1.022,0,-0.0041154632,-0.007288225,0.1488585,0,0.5037554,0.4962446,0.4962446,0,0,29.728882,-0.0065356153,-0.0066742087,0.0059493673,1,-0.7420961,0.013924682,-0.7420961,18.295532,18.295532,18.295532,0,2,0
1.024,0,-0.0019879234,-0.005445653,0.1488585,0,0.5037552,0.4962448,0.4962448,0,0,29.730478,-0.0049400195,-0.0066742087,0.0027579395,1,-0.7420802,0.01153947,-0.7420802,18.295532,18.295532,18.295532,0,2,0
1.026,0,-0.0035835193,-0.0045244354,0.1488585,0,0.5037552,0.49624482,0.49624482,0,0,29.730532,-0.0049400195,-0.003483017,0.0043535354,1,-0.74209815,0.0060333735,-0.74209815,18.295532,18.295532,18.295532,0,2,0
1.028,0,-0.005711138,-0.006366871,0.1488585,0,0.50375485,0.49624515,0.49624515,0,0,29.733332,-0.009727043,-0.0066742087,0.0043535354,1,-0.7420464,0.010299003,-0.7420464,18.295532,18.295532,18.295532,0,2,0
1.03,0,-0.0035835193,-0.006366871,0.1488585,0,0.5037553,0.4962447,0.4962447,0,0,29.729734,-0.0065356153,-0.0066742087,0.0043535354,1,-0.742066,0.0048245406,-0.742066,18.295532,18.295532,18.295532,0,2,0
1.032,0,-0.003051654,-0.003603218,0.1488585,0,0.50375515,0.49624482,0.49624482,0,0,29.730663,-0.0049400195,-0.003483017,0.0027579395,1,-0.7419271,0.021370398,-0.7419271,18.295532,18.295532,18.295532,0,2,0
1.034,0,-0.003051654,-0.005445653,0.1488585,0,0.50375533,0.49624464,0.49624464,0,0,29.729225,-0.0049400195,-0.005078613,0.0043535354,1,-0.74185574,0.023845505,-0.74185574,18.295532,18.295532,18.295532,0,2,0
1.036,0,-0.003051654,-0.005445653,0.1488585,0,0.5037552,0.4962448,0.4962448,0,0,29.73037,-0.0049400195,-0.005078613,0.0043535354,1,-0.7418981,0.011938175,-0.7418981,18.295532,18.295532,18.295532,0,2,0
1.038,0,-0.0057112165,-0.0063670073,0.1488585,0,0.5037555,0.4962445,0.4962445,0,0,29.727957,-0.008131447,-0.005078613,0.0059493673,1,-0.74178606,0.02341738,-0.74178606,18.295532,18.295532,18.295532,0,2,0
1.04,0,-0.003051654,-0.003603218,0.1488585,0,0.50375545,0.49624452,0.49624452,0,0,29.728365,-0.0049400195,-0.003483017,0.0027579395,1,-0.74176216,0.019953333,-0.74176216,18.295532,18.295532,18.295532,0,2,0
1.042,0,-0.0030517324,-0.007288225,0.1488585,0,0.5037555,0.4962445,0.4962445,0,0,29.728054,-0.0049400195,-0.0066742087,0.0059493673,1,-0.7417761,0.012674302,-0.7417761,18.295532,18.295532,18.295532,0,2,0
1.044,0,-0.0073068915,-0.007288361,0.1488585,0,0.5037556,0.49624434,0.49624434,0,0,29.726881,-0.008131447,-0.003483017,0.009140795,1,0.82894284,-0.00079066446,0.82894284,18.295532,18.295532,18.295532,0,2,0
1.046,0,-0.0035835977,-0.0063670073,0.1488585,0,0.50375587,0.4962441,0.4962441,0,0,29.724997,-0.0049400195,-0.005078613,0.0059493673,1,0.8289205,-0.0037807636,0.8289205,18.295532,18.295532,18.295532,0,2,0
1.048,0,-0.0025197887,-0.0045244354,0.1488585,0,0.5037557,0.49624428,0.49624428,0,0,29.726416,-0.0049400195,-0.005078613,0.0027579395,1,0.8288947,-0.006565344,0.8288947,18.295532,18.295532,18.295532,0,2,0
1.05,0,-0.004647407,-0.006366871,0.1488585,0,0.5037554,0.4962446,0.4962446,0,0,29.728954,-0.008131447,-0.0066742087,0.0043535354,1,-0.741783,0.0111328345,-0.741783,18.295532,18.295532,18.295532,0,2,0
1.052,0,-0.005179194,-0.0054457895,0.1488585,0,0.5037553,0.4962447,0.4962447,0,0,29.729689,-0.0065356153,-0.003483017,0.0059493673,1,-0.7417295,0.014690148,-0.7417295,18.295532,18.295532,18.295532,0,2,0
1.054,0,-0.0035835977,-0.008209443,0.1488585,0,0.5037557,0.49624428,0.49624428,0,0,29.726467,-0.0049400195,-0.0066742087,0.0075449627,1,-0.74161595,0.025013119,-0.74161595,18.295532,18.295532,18.295532,0,2,0
1.056,0,-0.003051654,-0.005445653,0.1488585,0,0.5037557,0.49624428,0.49624428,0,0,29.726465,-0.0049400195,-0.005078613,0.0043535354,1,-0.7415938,0.02046537,-0.7415938,18.295532,18.295532,18.295532,0,2,0
1.058,0,-0.0035835195,-0.008209579,0.1488585,0,0.50375533,0.49624467,0.49624467,0,0,29.729534,-0.0065356153,-0.00827004,0.0059493673,1,-0.7415955,0.015195968,-0.7415955,18.295532,18.295532,18.295532,0,2,0
1.06,0,-0.003051654,-0.005445653,0.1488585,0,0.5037552,0.4962448,0.4962448,0,0,29.730343,-0.0049400195,-0.005078613,0.0043535354,1,0.829084,-0.0039896644,0.829084,18.295532,18.295532,18.295532,0,2,0
1.062,0,-0.0041153845,-0.003603218,0.1488585,0,0.5037551,0.4962449,0.4962449,0,0,29.731295,-0.0065356153,-0.003483017,0.0027579395,1,0.8290249,-0.010870643,0.8290249,18.295532,18.295532,18.295532,0,2,0
1.064,0,-0.0057112165,-0.008209443,0.1488585,0,0.5037555,0.49624452,0.49624452,0,0,29.728168,-0.008131447,-0.0066742087,0.0075449627,1,0.829008,-0.009629552,0.829008,18.295532,18.295532,18.295532,0,2,0
1.066,0,-0.004647407,-0.008209579,0.1488585,0,0.50375557,0.49624443,0.49624443,0,0,29.72756,-0.008131447,-0.00827004,0.0059493673,1,0.8290498,-0.0017064079,0.8290498,18.295532,18.295532,18.295532,0,2,0
1.068,0,-0.00464725,-0.0045244354,0.1488585,0,0.5037552,0.49624476,0.49624476,0,0,29.73026,-0.0065356153,-0.003483017,0.0043535354,1,0.8290449,-0.002900158,0.8290449,18.295532,18.295532,18.295532,0,2,0
1.07,0,-0.0025197887,-0.006366871,0.1488585,0,0.5037553,0.49624476,0.49624476,0,0,29.730122,-0.0049400195,-0.0066742087,0.0043535354,1,0.8289287,-0.017553937,0.8289287,18.295532,18.295532,18.295532,0,2,0
1.072,0,-0.0035835193,-0.006366871,0.1488585,0,0.5037552,0.4962448,0.4962448,0,0,29.730314,-0.0065356153,-0.0066742087,0.0043535354,1,0.8287856,-0.0312763,0.8287856,18.295532,18.295532,18.295532,0,2,0
1.074,0,-0.0046473285,-0.006367007,0.1488585,0,0.50375545,0.49624458,0.49624458,0,0,29.728653,-0.0049400195,-0.003483017,0.0075449627,1,0.82861096,-0.04674379,0.82861096,18.295532,18.295532,18.295532,0,2,0
1.076,0,-0.005179351,-0.007288225,0.1488585,0,0.5037556,0.49624434,0.49624434,0,0,29.726896,-0.008131447,-0.0066742087,0.0059493673,1,0.82850575,-0.048282262,0.82850575,18.295532,18.295532,18.295532,0,2,0
1.078,0,-0.005179194,-0.0036030815,0.1488585,0,0.5037553,0.49624476,0.49624476,0,0,29.73006,-0.0065356153,-0.0018871851,0.0043535354,1,0.82845205,-0.04267247,0.82845205,18.295532,18.295532,18.295532,0,2,0
1.08,0,-0.0025197098,-0.008209443,0.1488585,0,0.5037551,0.49624488,0.49624488,0,0,29.731194,-0.0033441875,-0.0066742087,0.0075449627,1,0.82847106,-0.028926779,0.82847106,18.295532,18.295532,18.295532,0,2,0
1.082,0,-0.0030515753,-0.0054457895,0.1488585,0,0.5037554,0.49624464,0.49624464,0,0,29.729086,-0.0033441875,-0.003483017,0.0059493673,1,0.828597,-0.004926077,0.828597,18.295532,18.295532,18.295532,0,2,0
1.084,0,-0.005179194,-0.0072882245,0.1488585,0,0.50375545,0.49624452,0.49624452,0,0,29.72829,-0.0065356153,-0.005078613,0.0075449627,1,-0.74203885,0.016644163,-0.74203885,18.295532,18.295532,18.295532,0,2,0
1.086,0,-0.0025197887,-0.006366871,0.1488585,0,0.5037555,0.49624452,0.49624452,0,0,29.728186,-0.0049400195,-0.0066742087,0.0043535354,1,-0.7419755,0.019830724,-0.7419755,18.295532,18.295532,18.295532,0,2,0
1.088,0,-0.0041153845,-0.005445653,0.1488585,0,0.5037553,0.4962447,0.4962447,0,0,29.729698,-0.0065356153,-0.005078613,0.0043535354,1,-0.74198776,0.012882385,-0.74198776,18.295532,18.295532,18.295532,0,2,0
1.09,0,-0.0057112165,-0.0063670073,0.1488585,0,0.5037553,0.49624473,0.49624473,0,0,29.729807,-0.008131447,-0.005078613,0.0059493673,1,-0.74205935,0.00012419025,-0.74205935,18.295532,18.295532,18.295532,0,2,0
1.092,0,-0.0041153845,-0.005445653,0.1488585,0,0.50375533,0.49624464,0.49624464,0,0,29.729296,-0.0065356153,-0.005078613,0.0043535354,1,-0.7419579,0.012631176,-0.7419579,18.295532,18.295532,18.295532,0,2,0
1.094,0,-0.0035835193,-0.0045244354,0.1488585,0,0.50375545,0.49624458,0.49624458,0,0,29.728708,-0.0065356153,-0.005078613,0.0027579395,1,-0.74195147,0.010206806,-0.74195147,18.295532,18.295532,18.295532,0,2,0
1.096,0,-0.0035835193,-0.0045244354,0.1488585,0,0.5037555,0.4962445,0.4962445,0,0,29.72799,-0.0049400195,-0.003483017,0.0043535354,1,-0.74194044,0.0073771654,-0.74194044,18.295532,18.295532,18.295532,0,2,0
1.098,0,-0.003051654,-0.005445653,0.1488585,0,0.50375515,0.49624488,0.49624488,0,0,29.731043,-0.0065356153,-0.0066742087,0.0027579395,1,0.82870704,-0.014200514,0.82870704,18.295532,18.295532,18.295532,0,2,0
1.1,0,-0.0046473285,-0.0063670073,0.1488585,0,0.50375515,0.49624485,0.49624485,0,0,29.730936,-0.0065356153,-0.005078613,0.0059493673,1,0.82866967,-0.015267575,0.82866967,18.295532,18.295532,18.295532,0,2,0
1.102,0,-0.005179194,-0.0072882245,0.1488585,0,0.5037551,0.4962449,0.4962449,0,0,29.731445,-0.0065356153,-0.005078613,0.0075449627,1,0.82862663,-0.01678545,0.82862663,18.295532,18.295532,18.295532,0,2,0
1.104,0,-0.0035835193,-0.0045244354,0.1488585,0,0.5037555,0.49624452,0.49624452,0,0,29.728197,-0.0033441875,-0.0018871851,0.0059493673,1,0.828482,-0.03137714,0.828482,18.295532,18.295532,18.295532,0,2,0
1.106,0,-0.0025197887,-0.006366871,0.1488585,0,0.50375515,0.49624485,0.49624485,0,0,29.730816,-0.0049400195,-0.0066742087,0.0043535354,1,0.8283088,-0.044768266,0.8283088,18.295532,18.295532,18.295532,0,2,0
1.108,0,-0.000924114,-0.007288225,0.1488585,0,0.50375533,0.49624467,0.49624467,0,0,29.72946,-0.0017485917,-0.0066742087,0.0059493673,1,0.82823765,-0.04299035,0.82823765,18.295532,18.295532,18.295532,0,2,0
1.11,0,-0.0046473285,-0.006367007,0.1488585,0,0.50375545,0.49624458,0.49624458,0,0,29.728708,-0.0049400195,-0.003483017,0.0075449627,1,0.82808185,-0.052207977,0.82808185,18.295532,18.295532,18.295532,0,2,0
1.112,0,-0.00464725,-0.0045244354,0.1488585,0,0.5037556,0.49624437,0.49624437,0,0,29.727188,-0.0065356153,-0.003483017,0.0043535354,1,0.82812583,-0.03334936,0.82812583,18.295532,18.295532,18.295532,0,2,0
1.114,0,-0.0062430818,-0.0054457895,0.1488585,0,0.50375557,0.49624446,0.49624446,0,0,29.727785,-0.008131447,-0.003483017,0.0059493673,1,0.8280146,-0.038993742,0.8280146,18.295532,18.295532,18.295532,0,2,0
1.116,0,-0.005711059,-0.006367007,0.1488585,0,0.5037554,0.4962446,0.4962446,0,0,29.729082,-0.0065356153,-0.003483017,0.0075449627,1,0.82797754,-0.034524083,0.82797754,18.295532,18.295532,18.295532,0,2,0
1.118,0,-0.00464725,-0.0045244354,0.1488585,0,0.5037553,0.49624476,0.49624476,0,0,29.730082,-0.0065356153,-0.003483017,0.0043535354,1,0.82792443,-0.03289273,0.82792443,18.295532,18.295532,18.295532,0,2,0
1.12,0,-0.0019879234,-0.003603218,0.1488585,0,0.5037552,0.4962448,0.4962448,0,0,29.730448,-0.0049400195,-0.005078613,0.0011623437,1,0.8279306,-0.023730341,0.8279306,18.295532,18.295532,18.295532,0,2,0
1.122,0,-0.005711059,-0.006367007,0.1488585,0,0.5037554,0.49624464,0.49624464,0,0,29.72911,-0.0065356153,-0.003483017,0.0075449627,1,0.82800394,-0.008490543,0.82800394,18.295532,18.295532,18.295532,0,2,0
1.124,0,-0.0046473285,-0.008209443,0.1488585,0,0.5037554,0.4962446,0.4962446,0,0,29.728989,-0.0065356153,-0.0066742087,0.0075449627,1,0.8280475,-0.0011048738,0.8280475,18.295532,18.295532,18.295532,0,2,0
1.126,0,-0.0041154632,-0.0072882245,0.1488585,0,0.5037557,0.49624434,0.49624434,0,0,29.726807,-0.0049400195,-0.005078613,0.0075449627,1,-0.7426546,0.011102709,-0.7426546,18.295532,18.295532,18.295532,0,2,0
1.128,0,-0.0041154632,-0.0054457895,0.1488585,0,0.5037552,0.4962448,0.4962448,0,0,29.730299,-0.0049400195,-0.003483017,0.0059493673,1,-0.74269015,0.0031643317,-0.74269015,18.295532,18.295532,18.295532,0,2,0
1.13,0,-0.003051654,-0.003603218,0.1488585,0,0.5037553,0.49624473,0.49624473,0,0,29.729805,-0.0049400195,-0.003483017,0.0027579395,1,0.8279822,-0.014956078,0.8279822,18.295532,18.295532,18.295532,0,2,0
1.132,0,-0.006774947,-0.006367007,0.1488585,0,0.50375545,0.49624458,0.49624458,0,0,29.728628,-0.008131447,-0.003483017,0.0075449627,1,0.8280632,-0.00013198284,0.8280632,18.295532,18.295532,18.295532,0,2,0
1.134,0,-0.005179194,-0.0072882245,0.1488585,0,0.5037554,0.4962446,0.4962446,0,0,29.729,-0.0065356153,-0.005078613,0.0075449627,1,-0.74257547,0.019516727,-0.74257547,18.295532,18.295532,18.295532,0,2,0
1.136,0,-0.0046473285,-0.008209443,0.1488585,0,0.5037553,0.4962447,0.4962447,0,0,29.729755,-0.0065356153,-0.0066742087,0.0075449627,1,-0.7425113,0.022478202,-0.7425113,18.295532,18.295532,18.295532,0,2,0
1.138,0,-0.001987766,-0.003603218,0.1488585,0,0.50375557,0.4962444,0.4962444,0,0,29.727322,-0.0033441875,-0.003483017,0.0027579395,1,-0.74233246,0.03933195,-0.74233246,18.295532,18.295532,18.295532,0,2,0
1.14,0,-0.0041154632,-0.007288225,0.1488585,0,0.5037554,0.4962446,0.4962446,0,0,29.728994,-0.0065356153,-0.0066742087,0.0059493673,1,-0.74223614,0.041708834,-0.74223614,18.295532,18.295532,18.295532,0,2,0
1.142,0,-0.005711138,-0.0045244354,0.1488585,0,0.5037554,0.49624458,0.49624458,0,0,29.728798,-0.008131447,-0.003483017,0.0043535354,1,-0.7420402,0.055117883,-0.7420402,18.295532,18.295532,18.295532,0,2,0
1.144,0,-0.0035835977,-0.0063670073,0.1488585,0,0.5037556,0.4962444,0.4962444,0,0,29.727253,-0.0049400195,-0.005078613,0.0059493673,1,-0.74197125,0.049281802,-0.74197125,18.295532,18.295532,18.295532,0,2,0
1.146,0,-0.005179194,-0.0054457895,0.1488585,0,0.50375587,0.49624413,0.49624413,0,0,29.725168,-0.0065356153,-0.003483017,0.0059493673,1,-0.74186045,0.05080594,-0.74186045,18.295532,18.295532,18.295532,0,2,0
1.148,0,-0.0041154632,-0.0054457895,0.1488585,0,0.50375557,0.49624443,0.49624443,0,0,29.727491,-0.0049400195,-0.003483017,0.0059493673,1,-0.74176955,0.048964214,-0.74176955,18.295532,18.295532,18.295532,0,2,0
1.15,0,-0.0041153845,-0.005445653,0.1488585,0,0.50375545,0.49624458,0.49624458,0,0,29.728664,-0.0065356153,-0.005078613,0.0043535354,1,-0.74181646,0.029690292,-0.74181646,18.295532,18.295532,18.295532,0,2,0
1.152,0,-0.005179194,-0.0072882245,0.1488585,0,0.50375503,0.49624497,0.49624497,0,0,29.73178,-0.0065356153,-0.005078613,0.0075449627,1,-0.7417379,0.032347213,-0.7417379,18.295532,18.295532,18.295532,0,2,0
1.154,0,-0.004647407,-0.006366871,0.1488585,0,0.50375533,0.49624467,0.49624467,0,0,29.729486,-0.008131447,-0.0066742087,0.0043535354,1,-0.7416829,0.030679844,-0.7416829,18.295532,18.295532,18.295532,0,2,0
1.156,0,-0.0025197887,-0.006366871,0.1488585,0,0.50375557,0.49624443,0.49624443,0,0,29.727623,-0.0049400195,-0.0066742087,0.0043535354,1,-0.741618,0.031066807,-0.741618,18.295532,18.295532,18.295532,0,2,0
1.158,0,-0.005711059,-0.006367007,0.1488585,0,0.5037552,0.49624482,0.49624482,0,0,29.730547,-0.0065356153,-0.003483017,0.0075449627,1,-0.741622,0.022201944,-0.741622,18.295532,18.295532,18.295532,0,2,0
1.16,0,-0.0041154632,-0.0036030815,0.1488585,0,0.5037553,0.49624473,0.49624473,0,0,29.729828,-0.0049400195,-0.0018871851,0.0043535354,1,-0.74160767,0.017615927,-0.74160767,18.295532,18.295532,18.295532,0,2,0
1.162,0,-0.0035835193,-0.0045244354,0.1488585,0,0.50375533,0.49624467,0.49624467,0,0,29.729513,-0.0065356153,-0.005078613,0.0027579395,1,-0.74163693,0.0089332415,-0.74163693,18.295532,18.295532,18.295532,0,2,0
1.164,0,-0.0046473285,-0.008209443,0.1488585,0,0.50375557,0.49624443,0.49624443,0,0,29.72765,-0.0065356153,-0.0066742087,0.0075449627,1,-0.7416601,0.0033689938,-0.7416601,18.295532,18.295532,18.295532,0,2,0
1.166,0,-0.0041154632,-0.007288225,0.1488585,0,0.5037556,0.49624437,0.49624437,0,0,29.727186,-0.0065356153,-0.0066742087,0.0059493673,1,-0.74165326,0.0027753413,-0.74165326,18.295532,18.295532,18.295532,0,2,0
1.168,0,-0.0035835193,-0.006366871,0.1488585,0,0.5037552,0.49624476,0.49624476,0,0,29.73018,-0.0065356153,-0.0066742087,0.0043535354,1,-0.74160546,0.007885865,-0.74160546,18.295532,18.295532,18.295532,0,2,0
1.17,0,-0.005179194,-0.0054457895,0.1488585,0,0.50375503,0.496245,0.496245,0,0,29.731922,-0.0065356153,-0.003483017,0.0059493673,1,0.82914174,-0.0010961992,0.82914174,18.295532,18.295532,18.295532,0,2,0
1.172,0,-0.0041154632,-0.007288225,0.1488585,0,0.50375503,0.496245,0.496245,0,0,29.731928,-0.0065356153,-0.0066742087,0.0059493673,1,0.82903934,-0.014384077,0.82903934,18.295532,18.295532,18.295532,0,2,0
1.174,0,-0.0041154632,-0.0072882245,0.1488585,0,0.5037552,0.49624476,0.49624476,0,0,29.730232,-0.0049400195,-0.005078613,0.0075449627,1,0.8289753,-0.01928572,0.8289753,18.295532,18.295532,18.295532,0,2,0
1.176,0,-0.0057112165,-0.0063670073,0.1488585,0,0.50375557,0.4962444,0.4962444,0,0,29.727333,-0.008131447,-0.005078613,0.0059493673,1,0.82893395,-0.020136816,0.82893395,18.295532,18.295532,18.295532,0,2,0
1.178,0,-0.0035835193,-0.0045244354,0.1488585,0,0.5037555,0.49624452,0.49624452,0,0,29.728148,-0.0065356153,-0.005078613,0.0027579395,1,0.8289122,-0.018081665,0.8289122,18.295532,18.295532,18.295532,0,2,0
1.18,0,-0.0067750253,-0.0045244354,0.1488585,0,0.50375515,0.49624482,0.49624482,0,0,29.730669,-0.008131447,-0.0018871851,0.0059493673,1,0.82900286,-0.001975552,0.82900286,18.295532,18.295532,18.295532,0,2,0
1.182,0,-0.005179194,-0.0054457895,0.1488585,0,0.5037552,0.4962448,0.4962448,0,0,29.73046,-0.0065356153,-0.003483017,0.0059493673,1,-0.74176747,0.0011883072,-0.74176747,18.295532,18.295532,18.295532,0,2,0
1.184,0,-0.003051654,-0.009130796,0.1488585,0,0.5037553,0.49624476,0.49624476,0,0,29.730133,-0.0049400195,-0.00827004,0.0075449627,1,-0.7416947,0.010061434,-0.7416947,18.295532,18.295532,18.295532,0,2,0
1.186,0,-0.0035835193,-0.0045244354,0.1488585,0,0.50375503,0.49624497,0.49624497,0,0,29.731886,-0.0049400195,-0.003483017,0.0043535354,1,-0.7416172,0.017823618,-0.7416172,18.295532,18.295532,18.295532,0,2,0
1.188,0,-0.0046473285,-0.008209443,0.1488585,0,0.50375503,0.496245,0.496245,0,0,29.732018,-0.0065356153,-0.0066742087,0.0075449627,1,-0.7414756,0.030660603,-0.7414756,18.295532,18.295532,18.295532,0,2,0
1.19,0,-0.005179194,-0.0072882245,0.1488585,0,0.5037547,0.4962453,0.4962453,0,0,29.7345,-0.0065356153,-0.005078613,0.0075449627,1,-0.74135363,0.038549367,-0.74135363,18.295532,18.295532,18.295532,0,2,0
1.192,0,-0.0030517324,-0.007288225,0.1488585,0,0.5037549,0.4962451,0.4962451,0,0,29.732788,-0.0049400195,-0.0066742087,0.0059493673,1,-0.7411387,0.055304155,-0.7411387,18.295532,18.295532,18.295532,0,2,0
1.194,0,-0.00251971,-0.006367007,0.1488585,0,0.5037551,0.49624488,0.49624488,0,0,29.731161,-0.0065356153,-0.00827004,0.0027579395,1,-0.7412015,0.03178788,-0.7412015,18.295532,18.295532,18.295532,0,2,0
1.196,0,-0.0035835193,-0.0045244354,0.1488585,0,0.5037554,0.49624458,0.49624458,0,0,29.728834,-0.0049400195,-0.003483017,0.0043535354,1,-0.7413732,0.001412925,-0.7413732,18.295532,18.295532,18.295532,0,2,0
1.198,0,-0.0046473285,-0.0063670073,0.1488585,0,0.50375533,0.49624464,0.49624464,0,0,29.72925,-0.0065356153,-0.005078613,0.0059493673,1,0.82928646,-0.015887734,0.82928646,18.295532,18.295532,18.295532,0,2,0
1.2,0,-0.0041154632,-0.007288225,0.1488585,0,0.50375515,0.49624482,0.49624482,0,0,29.730705,-0.0065356153,-0.0066742087,0.0059493673,1,0.8292527,-0.016078299,0.8292527,18.295532,18.295532,18.295532,0,2,0
